	Sample.1	Sample.2	Sample.3	Sample.4	Sample.5	Sample.6	Sample.7	Sample.8	Sample.9	Sample.10	Sample.11	Sample.12	Sample.13	Sample.14	Sample.15	Sample.16	Sample.17	Sample.18	Sample.19	Sample.20
Actinomycetaceae	21.3361489242241	98.6845043514697	83.9655399864532	1	50.68666021442	1	233.100558871624	1	58.6372761521695	114.448529720168	158.709551881061	32.1358056776659	1	83.6474041107156	2305.73940708461	69.3437592212871	1	123.434756700376	46.6735333715557	97.318312656231
Aerococcus	130.562781488839	149.008946767374	215.670837874623	166.617664418686	1	103.971747629361	148.797239623346	1	194.430742360561	218.615336156251	178.314807328238	131.025660206486	103.865732369185	1	1	45.4911278663213	280.823445066616	172.707288969252	158.912720981883	172.080557656692
Aeromonas	284.408304083618	197.741306350995	342.674010855044	357.86927982383	308.621400414347	223.239534499725	264.836668855338	187.297722724907	244.062726997409	267.312357327131	253.555533086778	195.675184757777	456.506442935737	185.653860657625	367.644317652754	294.104533418127	387.68815134597	207.559821667712	196.769974831164	368.604030282726
Akkermansia	2316.48127385377	50063.833314718	14104.3609770368	2243.0399484051	996.056147997267	2894.36242088735	5178.08005382966	4157.01150831107	1615.14397045708	2183.62866295977	1557.12076045761	2682.36143614491	1423.94909257978	954.872079180821	780.787607333775	844.662847082512	579.252299391475	1160.86917338376	18399.3928765468	1296.85304884203
Alcaligenes faecalis et rel.	1	243.966097034803	6.16915069747906	1	1	86.4793561291219	1	1	1	1	1427.90045150243	1	29.5937441413363	1	99.5318028681386	47.7334148798378	356.421250589322	123.72355473887	1	1
Allistipes et rel.	37448.0108777875	75777.9167933506	393918.030639171	12904.5659809144	14413.0395721615	2575.70521828608	5624.93036940044	2608.27852197198	283275.286817808	112010.080157559	54461.9750189994	108655.430514245	2116.90685396512	1299.01865230644	2977.44389220792	3766.44924610206	25573.880621189	4134.32562677094	45862.3779084769	38208.3084187152
Anaerobiospirillum	194.20008570261	187.356510232492	292.271272802467	229.963738218864	226.56117230665	247.867148719857	181.956754734463	183.544791189964	254.960106588757	222.944611174831	241.194338074752	185.546309188184	188.451081708926	2674.66711659093	222.446801082973	601.346811688848	356.771294267383	198.139044995435	197.372742927913	208.74559081431
Anaerofustis	1	1	1	2481.22863341148	1	91.2234533943218	1	93.8561039273782	445.062451955168	483.026581672559	1	1	442.973387534471	246.205041098487	822.220857569878	526.702678643315	64.5101727946575	281.039551399405	240.495389666037	1
Anaerostipes caccae et rel.	38381.7637026379	23937.9638652358	210250.256284147	247882.397593219	49334.4569679339	216509.078529906	140391.837535	136378.287924714	24334.9549144425	105355.023650535	88918.1277112413	35143.7119614738	288678.18845953	1200.64741180315	133452.479010568	1787.41399604515	72115.8867475537	47827.728247266	64396.9078380208	101776.55882051
Anaerotruncus colihominis et rel.	1	29493.0943817269	61095.4397263815	1	18648.9369378475	1	14792.97675069	1	13514.6836004078	16296.7378308385	63502.189656594	1	1	220.614315360635	1	3066.59340226933	1	1	13843.5455452687	8734.95775891458
Anaerovorax odorimutans et rel.	3899.93648319455	26371.3989760656	52860.0903475834	38997.5061881827	6288.56163343327	1226.18930354355	19996.1837828788	3206.27251080933	1	4831.59731635175	23798.7053003282	7639.70698727218	1037.41938607398	1264.79371464063	2105.08834749208	1638.45758911353	28130.4731376468	13617.1443812079	1213.63677602019	21198.4685613556
Aneurinibacillus	593.533261886057	336.046178026893	951.64530782945	3799.61730759562	880.83428188602	373.097180729638	1698.29569223239	260.330071191686	491.166653926647	699.054526884628	494.268841011137	479.364739135572	462.900018098793	220.275881205592	509.5925676063	618.146600292961	799.448574401021	303.470817221341	272.607660283255	2817.0022885424
Aquabacterium	298.587730225568	208.267952598644	142.760743017429	64.6745948695447	39.2421698570449	84.5560042573762	48.0085843518811	46.1362325023973	1	1	1	739.024952740579	57.5472044459685	38.6056320840591	110.637849081672	79.8079403272286	216.478774869844	90.4368901194391	1	515.153245955838
Asteroleplasma et rel.	237.317708124043	231.396420262539	349.244280629466	287.154130241807	279.497537569574	271.260699034912	227.401178914725	219.042882944856	293.13336619623	252.663507399221	279.068853860483	222.36231115314	232.711403822594	218.239925485779	266.575826856532	319.333917338005	422.954833417707	235.356245620578	234.288567691694	266.003613947636
Atopobium	364.688984829974	508.810733665421	672.971771115062	734.918182227607	410.781328986829	360.97379769641	1517.34193823443	296.634338804423	392.624359342672	326.358058434686	558.056392239959	289.860094283464	2858.74073551876	398.443107424648	376.471115969121	459.552174443905	753.288799452213	383.077503313133	311.67040043354	613.256426844557
Bacillus	609.540034223405	334.585549064363	691.057723367017	834.292828417652	1	476.47901450573	587.809849178815	719.455797477667	411.962554003864	492.810331381515	495.360628777365	526.001951710106	786.270310265465	480.535460429886	1445.53752304333	2587.33918130185	562.205020446914	331.322426143524	302.761210067737	983.731700974947
Bacteroides fragilis et rel.	1	71974.9524301349	1	37849.8417589398	35589.4957967496	956.752846130555	780.874998491085	1443.02026083558	71593.2741596276	1	1	1	810.89984345214	982.882199404525	1148.42947904943	1683.91635846952	1	1031.34531745474	1	10671.3313546543
Bacteroides intestinalis et rel.	5103.39846288473	12642.9263887812	6637.12224107806	4404.79159250363	543.601358295896	306.891361304188	2876.97696505427	157.440968113635	48534.2974762602	52237.6599277943	1	63921.8625417269	282.187811998532	432.300697870557	385.839380736212	512.641538746773	220.100787416205	342.850029765473	43329.7604304275	14415.49572278
Bacteroides ovatus et rel.	28600.4693626393	1	46442.553136113	4139.93408440311	1	1494.17821234001	5483.00848853869	1844.72286170082	141943.132397546	92719.8274621735	19338.9709151389	265974.943653616	1179.28533009374	2945.96898727826	1393.38373711671	2495.57253823026	9726.26040387205	1380.2100706986	337410.281820854	16648.9836531254
Bacteroides plebeius et rel.	9896.3686440732	1	71746.1155085426	1	1	392.202339535794	1262.45781400991	147.456470680667	1	38098.4569134022	14438.7579014262	30531.1816184071	463.99921748056	1893.33390492013	568.845270810028	855.968659261269	8658.30935967731	5.85035103088955	79576.4390516633	29829.2671299104
Bacteroides splachnicus et rel.	18964.6234668998	59977.7253363296	119684.82568727	4395.84058850028	2445.37667881061	2157.4449835445	4696.65391798919	3576.92614305229	196999.000753784	88261.5427805454	18084.6672022411	162595.135955175	1640.1331851079	7607.42195895059	2184.17033660612	3416.90825337735	8104.28288098679	2153.23007561832	96443.1463038856	39311.5674054438
Bacteroides stercoris et rel.	52118.4698138471	4640.70529739996	101599.162564512	2517.16692843878	21390.6288672028	742.244129108578	3264.08279200215	1907.57809276455	255465.082440655	25599.1331292278	118616.388892439	61701.851347422	633.389584903694	965.518497256406	744.846690817186	791.462780041332	7448.91692158119	881.978068036913	1	24558.0924783049
Bacteroides uniformis et rel.	53074.5948489174	44466.7917858452	154070.99517327	22536.948569419	54585.9081797468	404.397724586742	6747.12555232781	663.972083293293	174164.832536199	202288.628139803	75653.3570619405	313976.934556855	386.235503211813	894.213713887591	437.461610615306	960.332856651589	12998.0728352928	713.415035624267	195769.24899322	27397.1073929948
Bacteroides vulgatus et rel.	39024.6206827877	5111.59057031217	52536.481634978	23890.9305087324	37599.4962760861	458.696121545109	5107.25214966895	626.713785731024	160427.75249627	163790.303946418	16068.9262420855	266252.8298235	532.064664999285	4052.57847907593	808.281797816544	1430.21249493856	9248.93949673828	764.292811763703	150704.390195214	76217.2836044905
Bifidobacterium	117879.343290984	233837.909330797	91991.4196878813	1271.92718267479	13504.0490745572	171786.776877843	533723.869962882	576926.458646055	2785.83729816741	75538.8818974745	23490.2214174769	146515.60166323	134134.703089849	613992.27172482	291013.146503442	53129.6862645216	43162.3644640577	109199.332846329	106094.098646267	354274.998533855
Bilophila et rel.	414.624037521673	430.622736536604	797.605593573625	484.181401500291	472.837547528539	449.062495273194	382.555110655772	365.134495366413	474.07339485355	429.432258005817	471.587146396781	600.070123984033	379.023147013731	387.656388146557	478.348416476461	1224.11213849579	712.488522168162	430.390129950902	424.34005737058	567.476369863083
Brachyspira	332.405619093439	371.448988242104	508.336800891352	388.583515983392	413.33809619515	399.043181887562	323.632552845912	318.836805022989	425.884965753503	361.154878083489	419.32818453592	319.516166930457	336.069348573261	334.689084049463	396.151599111825	417.893573695413	679.859445353747	366.748651156362	343.687751604517	361.253712348449
Bryantella formatexigens et rel.	13361.51735071	9845.6661108757	43699.0779654799	44414.8954501995	76599.3890939718	22194.6140754784	22610.3612980256	1	1	121578.639901663	1	93567.9570267917	1	11080.3425990478	50226.8395823089	7994.22278606879	28918.6022939345	69924.6021127497	1	217757.48442182
Bulleidia moorei et rel.	748.559014803321	660.713848046306	1429.99266693851	1119.2552775488	1066.83031086654	856.462281742101	1123.20839028632	858.989722760756	730.181849156421	975.911312958653	1	1	503.660379390239	2110.46118785995	987.230240499711	953.79463741931	1345.29761171962	615.640180202499	1433.74313723077	1761.21636593388
Burkholderia	1669.50239328373	946.63109257751	241.356081925139	167.190425261124	165.081477570334	181.641289574068	133.711746448639	187.858567703835	572.078272738368	316.465918886836	177.492256957568	210.705118928903	125.136706509437	744.587325928183	156.10155163357	168.7192217099	228.065637741509	167.488136163987	141.092969173727	301.057523550474
Butyrivibrio crossotus et rel.	70048.6730271328	21048.523040972	46766.2199768455	1	40542.9965336061	1	56642.9422836805	1	41148.6644643655	58024.2982394734	1	194938.504699911	1	8357.08060853597	1	5621.73872340386	101066.499510759	1996.06414056745	1	79240.6995875853
Campylobacter	770.966212427902	728.784012216431	1097.13334970188	905.613148488735	925.515578849294	864.701684948801	726.588269486082	713.454270199426	960.984476292935	834.438401494676	903.941763732877	712.0093611206	736.342289363496	810.282991650807	855.463746643634	1180.05021112527	1423.38086269645	770.54721232809	766.3216224572	789.790531477172
Catenibacterium mitsuokai et rel.	213.591214973434	202.266358675776	597.914541158682	246.423014270005	252.936746242094	1499.03938947175	1017.38487191194	208.145423628691	255.971109599219	386.021397917798	3795.83939946043	535.313274379353	318.356181894397	182.645048902974	219.253859376725	518.830456263557	368.085660057867	292.781287747078	187.547355004214	292.23165937977
Clostridia	3811.79229272552	43570.5364899509	6933.11398747543	3151.93606974926	3865.25409219431	6400.96574033251	6238.23029932423	115223.059980643	3853.10973914319	5976.12714413872	6139.97356173105	2244.15273789023	4363.37586470392	5600.31397269485	53322.029565689	9671.54262019676	14645.3976804085	7321.87378538961	3120.29706722448	28347.8415499613
Clostridium cellulosi et rel.	59995.1364839426	155815.214207001	168587.193906986	38632.6637371481	27235.1394425855	1	25890.5450239962	1	1	1	86048.6130243029	40860.1775553755	1	2439.41044148169	24900.7924536698	2599.780471984	185706.06851648	41568.9450212406	1	78694.684384342
Clostridium colinum et rel.	19992.1812826246	1968.397641921	53783.2730676054	7286.6188888851	5473.16759136774	1	13940.532733542	1	32172.0479330213	53324.9206004789	81220.9354791966	25433.0992853875	9754.71186226163	3287.53856734366	1	565.615521122808	31944.2499997794	59139.9859802109	97181.4859874143	56179.9192105138
Clostridium difficile et rel.	4527.78869106278	2026.44124377239	50201.0976323356	4152.7066571515	3218.76619425586	5352.91297629203	21991.1840653575	102205.137990495	2634.08899736685	16372.3999148602	18711.4166573494	3315.75835039039	6997.75792657136	1812.70243896879	16376.4282705508	2764.18387942247	39378.5032334614	14596.5058193275	3569.75216974889	50795.4292444647
Clostridium felsineum et rel.	230.336446928442	1	859.974442884001	253.9449375962	207.047889339461	118.810131648588	555.790249307815	1	224.159908709057	202.307385183266	1239.0898314037	200.245798481735	158.531288715522	136.283282875642	1	224.043804807365	615.360824860816	460.764943229836	178.366616349607	4350.22872151816
Clostridium leptum et rel.	15614.9458107718	36639.8899737121	97093.5336193021	1	7722.33871569322	1	26958.7377207235	1	23180.2572884433	158108.364036638	36834.4129776658	1	9990.34226056205	2805.58993697175	2704.17678616088	1269.76085042571	83653.7977085107	1	23035.7618262835	34422.8179779724
Clostridium nexile et rel.	86097.3378746148	46956.8143967193	243940.331105268	126759.378599378	228065.371851671	92202.9905680255	224714.541277715	148887.258545857	63802.6428247719	198709.975420313	176227.566170771	44684.736720198	137779.214019603	3738.68615900586	86693.1734288914	1409.86911049702	65291.2726750264	88226.990272294	18124.0598241239	138687.001044712
Clostridium orbiscindens et rel.	79935.1894790076	6233.64434688785	209620.570871969	34654.5068645519	83343.6224603875	1	124756.483138589	36000.770099225	54691.4698015879	2879.34056078951	39178.3065453805	48529.2870908451	1	7797.10787734024	16027.2249778341	6123.7403849774	45610.9488316675	1	1	12509.4924282202
Clostridium ramosum et rel.	995.767141433476	760.301917666155	7919.00353885613	5514.88661058622	1424.75665108109	16299.251828079	10682.4305673713	3616.44724876613	990.998870446858	4094.88292435281	1070.04259516752	2345.56470785391	2577.69844028841	604.16976164854	20481.5218514099	838.197141799062	1320.52684164373	2649.34913687107	13417.4083503388	1143.17638008657
Clostridium sphenoides et rel.	132851.858229356	61444.052505541	68967.6684837967	61769.653571089	109380.545516828	24919.7014942947	114338.463746873	33416.1394504691	28888.5976233507	306855.092211929	130358.533932218	142490.888778817	57143.2008472104	6115.58023667837	25406.6832160305	5754.60278206567	75779.739659218	91898.4522503471	162622.666919617	126950.806912523
Clostridium stercorarium et rel.	87921.6348003043	7094.68115312527	20750.1447674092	36787.4480271524	55532.9336561171	1267.29162814147	42981.2753123264	38165.2896664839	1	17181.0166538979	10818.7515172939	6954.01150806014	100046.08820139	1038.11913902867	87386.2294873545	861.015032645066	4912.24493090066	7952.60047501688	3173.48587095487	50122.7693314835
Clostridium symbiosum et rel.	98235.0707611844	16389.7991276036	211937.38829016	177562.81981915	315480.472023701	11582.5036227643	5687.8295042626	1	104750.53835096	1	13136.4923854222	47420.7116002641	29803.1263174383	6858.57487056939	57373.7270847244	7932.43912085371	111536.22175434	1	102901.507276357	81312.3350813008
Clostridium thermocellum et rel.	248.058995662267	234.196042624353	359.684513464555	282.592007210755	281.729580111027	274.759824286282	229.968772619398	216.273064760327	275.298174627109	252.161254965917	281.218531543939	218.05203060239	226.154158117591	222.165639341371	274.147075120427	342.913628745318	427.008201064166	248.147110557319	235.914564260657	269.749160236765
Collinsella	10930.9075231842	28754.7006907496	2590.40784049897	45541.290808787	5788.43643925113	1108.36915321213	137154.554716143	240.177495531552	1712.5316926031	6385.20096275113	78320.247143095	1605.8662190009	102742.190107753	1085.31269239226	1285.61703215112	2095.499677355	9801.61419432006	46251.8857131834	1032.91287550561	41513.6838325495
Coprobacillus catenaformis et rel.	1897.318577512	1116.47862672581	24477.518715201	1530.08207812455	3193.45453907918	69168.0808240577	27739.8616397822	2889.30268305517	1527.16468693067	10166.1751317849	1917.02626502096	14917.5548210796	8421.9647040522	735.621415639691	4255.60774532228	1377.3950677275	2144.48288462528	7049.11442869399	4164.48227285463	3009.93151919795
Coprococcus eutactus et rel.	292205.111232616	29215.8732263817	136061.96941135	138837.550027674	76610.92192298	97944.5132735284	155088.673847306	48883.9069542938	1	92009.634077601	55403.1118867575	52662.7783149898	25034.759328174	1	56357.1544132828	4714.42425807769	83720.0702967032	27355.9139505574	1	263898.841484646
Corynebacterium	328.566009033726	381.06117541955	502.4429450458	379.366032428064	379.769340444172	356.531791683519	436.446881659604	320.042339653368	385.043839528826	344.739815244373	374.611726548129	295.86323028994	307.494492662476	337.291372382987	372.732460137733	767.57019753762	613.460048887504	315.987163151446	307.609087382879	432.565336898128
Desulfovibrio et rel.	938.33372182489	1288.39164494933	1102.99639649076	797.211185229449	836.785900848176	762.6274482763	671.050935691067	617.534283287499	845.716760631859	746.569769344436	789.397866551251	621.644999713101	647.01412170603	666.860671625197	800.534984450381	1191.2823749468	1417.32590121047	741.435880056897	663.25497445819	831.631622019771
Dialister	43400.632253846	2289.20106399178	2182.65854023991	484.097882738926	8367.61336743979	478.413910525507	656.079556165859	454.654113249963	38951.3352597184	6036.96207583915	6546.58141193704	433.268083041272	408.920218624692	590.471504908698	503.38217450326	557.030635180516	1066.84907461911	2087.22301511398	420.755594128984	1649.77611767264
Dorea formicigenerans et rel.	75639.3883882703	61954.5665519666	394104.269252562	312343.518272019	164152.093452866	123131.026764395	392737.87824817	36286.2247877329	70954.3026366634	262317.227581763	162681.749341528	154376.359835911	46829.8124854782	15050.5856136926	107470.72020625	3993.07007783149	160724.587440022	94788.0212508665	14351.7742051091	160471.784731958
Eggerthella lenta et rel.	1986.96012034654	358.910063151423	2325.4145818713	4314.17151401389	1959.92082296362	5904.82967438582	1	16725.0583966588	1547.85111612744	946.43651884117	1	1549.37470979338	3533.09836119476	718.10579471884	3519.12455187222	1477.02868191606	4360.79977864726	1	1260.84257357756	939.477250628329
Enterobacter aerogenes et rel.	643.55315288739	138.077106360064	560.646856319649	225.217746999208	355.880837733835	705.510849446951	1678.08710120889	1583.65038437196	401.110380570433	1545.00392175515	445.729485881659	749.664635803363	520.056195552298	1	497.834827298247	1	457.758876117507	320.222966262296	273.861981630547	1819.77267016699
Enterococcus	738.356085455742	715.52625093894	1427.98691098739	905.934731678374	1	2194.45169831453	791.059249882572	5098.47330366588	928.592349088273	749.983206794615	806.349114192435	696.065733202463	946.651228133723	31193.8061751058	9223.52358707116	2579.41317203793	1933.22770605495	819.685475906011	742.85237440196	854.946013464741
Escherichia coli et rel.	1	969.503955623356	268.051885375385	1	1	2973.94202758245	1	1	646.587801980331	226.190581863746	1044.75874601777	784.155074054779	1	34130.2473949157	1	22429.6959429825	1000.72926752887	440.708189587592	692.746119686125	1
Eubacterium biforme et rel.	868.285962863292	2391.25660563151	1061.96541050517	1	1	1	1	1	2478.67194442439	363.853541510478	41312.9335703954	29633.6682841113	1	411.564628253734	1	928.173959604854	1279.22749265709	1	1	1631.93812531613
Eubacterium cylindroides et rel.	694.846075702335	665.236963791238	6146.49725262675	1302.97135681438	860.898872635155	4732.20346374476	1481.4582199044	1407.13868648056	830.433976458221	3308.01192532902	903.145877055557	1019.68347561459	681.508317098928	643.416691207545	856.522828025718	861.145165120183	1291.92853998027	703.063222186097	2748.09782303367	765.44087408024
Eubacterium hallii et rel.	27799.7117375285	10154.0310681599	195230.838953667	18210.8552896221	176668.035014443	6342.24677864271	153528.067050484	290990.435497168	13056.1924486325	114329.439938374	92728.8448905869	45160.3799790145	322770.387815374	1	490.60516106078	393.761503307932	47576.8261222448	103011.102560129	1597.68382012744	81746.9836688774
Eubacterium limosum et rel.	1354.26390499912	840.090153322429	1435.58598467383	1802.93179271008	930.770220153678	869.567669056665	1058.16855439598	784.266221712419	952.42087716774	1067.01568544754	923.29209231075	982.006302517608	1136.94527382324	700.710745560223	792.410222361195	784.398891862706	1805.65554931037	771.238438443648	725.499594630004	1657.35236794923
Eubacterium rectale et rel.	225592.678607981	1166.46312654385	137457.745831832	1	1	1	65918.9285836809	62375.6429172879	211241.933275953	175467.444193424	70755.426234434	177125.063592706	24169.5429891694	1	1	1	86988.7270766591	209171.440490221	152075.407044093	176743.113518876
Eubacterium siraeum et rel.	20258.9970659803	102950.082629295	44048.0881392818	4746.13044555591	48819.2802118182	9257.36457165062	22511.181518594	1	1	9877.0501659832	41008.7190291037	22792.9668911161	1	1	1	1664.99282176464	12597.9228850158	1	1	29536.325442932
Eubacterium ventriosum et rel.	126549.956600081	11262.1590755783	158015.495834505	10750.3058461422	40103.3497753262	11811.0565209285	100090.550389605	99432.6466344289	106265.735592839	108384.772691308	41027.8590101902	89211.2958322498	74104.1387531698	847.283909594989	6391.01623661323	756.334837537928	29082.6503705094	95060.9591695374	16397.2919794844	120943.472980078
Faecalibacterium prausnitzii et rel.	685425.20744954	48080.3648408383	454273.384417403	355810.505776726	538087.76066582	3570.00277428222	355238.664930482	1	582838.11868518	725156.181916265	462634.871916951	493639.288665031	99405.6171549371	1991.24543774959	1	4020.45480622728	780726.722942192	38663.1987607392	52321.7615852211	763509.299847815
Fusobacteria	685.525758505677	675.522195867586	1054.1376117783	812.110428413654	828.476295377441	805.811878052068	663.79125881908	654.562406762157	844.259310701534	758.735935097574	1001.52534727919	654.602542349893	674.084000417311	644.330976686234	819.497374810843	1050.54479245811	1293.64497107567	696.224888443468	693.507022716254	763.021198206109
Gemella	304.401013240092	298.714572203385	473.600942407631	399.567195884613	472.88823421079	381.282154559927	324.899466342491	368.678136181495	384.248172203712	492.69477463777	388.294811235522	321.950943374917	319.508109466166	534.277248767904	415.33278278914	679.666916598874	583.304837242612	339.446377321472	331.231067500366	340.032739985355
Granulicatella	39.9184977015829	1	1	72.5560131658537	514.349939385264	1	42.3785281868979	1	1	156.456789163728	59.8833009532645	66.2933669492497	1	1	1	99.210532531785	1	1	4.59995807856448	110.793478671093
Haemophilus	1	1	1	1	1	1	1	1	1	1	1	1	1	1	1	8871.90556944356	1	1	1	1
Helicobacter	420.210201648747	441.234499413594	643.048498436592	505.254176271187	531.06608074907	498.388441228149	417.995114794288	396.932848596457	501.23172527681	463.993522398639	507.611905377117	407.310774128461	408.506592128396	528.101355588006	509.017494818012	872.727524880658	780.927116661178	436.493924768585	426.722827108657	468.513943089092
Klebisiella pneumoniae et rel.	186.576019869743	649.470471144844	447.03021911031	493.933636130871	320.405916679022	678.745888177346	355.155993409258	317.546214744211	278.580296135551	329.225426267684	890.2311368751	237.043297080906	146.089461226944	1	354.836621456927	13135.252738967	462.170852954667	311.033500455358	243.768602580636	848.439531101941
Lachnobacillus bovis et rel.	157235.354596742	1150.55949936009	46169.7393591031	1	1	1	14494.3588556797	25064.7932095428	224256.314613257	15848.395472399	1	46885.4405682484	1	1	1	745.613469847193	95872.8554198915	1	1	25490.3423501677
Lachnospira pectinoschiza et rel.	110741.45871215	39982.2729922697	182548.652204191	243936.979752399	220366.485816825	95425.4640302306	64469.1996457978	70670.0554254147	20823.3073321123	142864.673866768	154465.407224666	210601.872925142	175386.011489547	1	108630.3229564	5300.66762698222	100627.414440593	183360.652968798	139086.498560701	453129.436440323
Lactobacillus catenaformis et rel.	38.6297792721455	38.2758956779855	58.1377398935757	46.6130139585545	44.7984075078973	45.6224301371845	36.986614777849	37.3130109941581	46.5652865435811	41.5466961550131	51.1107666439231	36.858370879787	36.544279087189	38.2479264488559	47.8334216931436	43.9828466240393	71.8345576730974	41.3125387025337	38.557328619182	40.8346669196406
Lactobacillus gasseri et rel.	2621.22718839014	1805.19291899049	3377.18241104506	2262.16556132452	52805.8326622757	1719.36140013916	2778.94374270887	1748.89776119612	2301.73152358637	7196.19223571256	2562.01191540738	1899.18612468626	1761.50600987677	1590.37390081136	2787.8626876655	3163.64137800846	8510.88348857698	1713.48088392612	1469.50807889395	4153.34908591001
Lactobacillus plantarum et rel.	1787.63153673403	1691.86949353142	2631.88576129203	2161.49357870954	22065.7339367343	2006.63168179899	6037.82330827119	1745.92333771057	2118.30676774726	2202.75491611535	2578.3299492787	1652.23461721141	1668.18559904845	1422.11645546764	2936.56368969346	2828.75683797596	3830.49772833993	1816.76964455491	1736.72748222229	2290.14423434574
Lactobacillus salivarius et rel.	261.186102701103	242.26343838006	385.4612109287	323.862346902018	1782.72719740102	242.128716645061	84.060236283827	181.123728515595	297.534612110787	172.957762428227	338.322985688348	233.654593511064	500.04032238401	1	415.322910896301	154.52062300554	327.668794630871	259.911763553324	237.797557396202	405.952288303005
Lactococcus	1	662.995127307936	1	2957.65026036466	1	1	1	1	678.538078167942	1	1	1	1	1	1	1	15.6056832301854	481.956213369144	690.010431604541	1
Leminorella	1	1	104.620056648155	1	1	1	1	1	100.04638864569	1	1	1	1	1	1	1	1	1	1	1
Megamonas hypermegale et rel.	308.213777825803	298.890357149	444.626398177041	355.892998735065	370.240817584475	344.383598113401	288.325173701886	286.698006899269	424.817637030454	323.332376105401	382.834328021762	294.900144611117	296.735284261049	286.242306455255	352.667194715427	399.682218690538	583.197302722914	321.424197042057	316.594009272533	324.670798627594
Megasphaera elsdenii et rel.	557.272365932053	536.95946388011	19392.3260124081	623.205653039328	657.968001915848	596.923116511959	82244.3863563601	500.268525578877	728.111278401136	673.957817128949	746.04882631773	805.976988197769	525.802439867967	5109.58607891957	601.303654180001	794.01598308681	1096.46079446947	545.165875365341	543.243325489338	614.803240061841
Methylobacterium	83.1865183978805	73.5067390825474	119.852709734772	93.1618451719228	94.8905605166534	90.0023630698215	74.0537464667719	73.7991601551359	94.3361804785802	86.3680663323158	91.4738045958523	72.6622786424778	76.760007214213	74.0431973969754	94.6167025470953	84.2628215038005	144.253474606175	81.620587763034	82.9170415552381	87.9569153085086
Micrococcaceae	158.341675212961	172.918350446649	244.166859533836	181.295780967124	262.276211746664	227.304816571379	160.417020222072	179.043270096476	224.993984987126	182.321945810146	210.380604359795	153.974955107925	145.515254103873	87.0464272183108	249.945307320762	119.681219510513	352.176455082627	180.0442206802	180.399979525026	161.072340812381
Mitsuokella multiacida et rel.	408.779491715306	353.648382605132	519.590451034282	424.431949690407	407.36025582607	386.026937753078	344.262889740248	323.986797938142	699.845709900246	356.504722294656	418.283392638401	319.088208660816	336.444753799466	326.622262184087	393.308094127066	549.460029891929	653.535807795374	347.006008407994	345.502156253108	28279.3772377977
Moraxellaceae	310.413437940248	339.1730607455	450.63400750144	357.32790329953	380.692422223192	353.144678841628	295.794767599969	286.724642541368	371.859449808974	331.912749157513	367.833922873665	287.15052025277	300.966444059465	294.030402295542	352.839061902886	496.601583372131	581.282624639018	318.587585941683	308.267919539461	341.909207191356
Novosphingobium	138.936918349525	141.127269395036	294.004891240946	156.954741071378	236.862919602473	143.441948913245	128.306829307239	117.811937635063	204.051826723848	152.470843247879	153.649187680999	124.66560429747	132.471845703428	116.781762325988	138.379692479131	137.163414712795	288.363044466734	127.729284660855	125.466094372689	190.873691774555
Oceanospirillum	812.867658117091	821.137256668847	1451.42252399813	946.959537212463	968.2691176524	1028.33874060697	870.475514635542	1253.75395871143	3139.8815371106	889.6969739529	1002.07375223424	760.85509050747	807.404465783272	1125.18295768345	956.746965407704	2519.98267499592	1493.2446787904	848.77439552504	817.421627387816	1959.65618988196
Oscillospira guillermondii et rel.	156990.361897021	423039.368065244	233884.157345037	49211.6889893977	35159.5708119208	1	293290.115934783	1	200544.13937951	2382.25297695442	5730.29165584554	136986.180293865	430.21040092517	1	1	3189.01571374461	218574.68251288	16601.6446372867	15107.3009000976	344892.159661488
Outgrouping clostridium cluster XIVa	14826.636366515	33485.6529630517	36262.5175396804	14427.9418287234	1	1	162431.925303977	75258.5045654163	30516.8071640955	98577.8579743932	59701.5256252823	62400.0180479598	47553.2446443739	1	1	2632.73633125521	61325.3032147105	34339.2885338088	22933.9421140874	102689.830139864
Oxalobacter formigenes et rel.	6258.55538758188	8031.56023007915	4256.4249362469	6030.62020486699	1831.51679362943	3684.2178902826	6716.14674792893	17425.14862273	7825.67220823644	4626.09810680557	5858.0085655556	649.75487876926	780.744192129244	1044.8932582336	1232.74906114957	952.494040145125	2023.16038460832	1679.44286410698	1	3983.49335438652
Papillibacter cinnamivorans et rel.	68049.1822378873	10431.3647839923	10466.6850396998	1	6012.42868516711	1	42689.1523025303	1	1	1	1	1	1	9366.4341907247	1	1959.97417676645	1	1	1	21465.7711150663
Parabacteroides distasonis et rel.	61938.0429777043	100865.80470131	189905.478552447	23197.6688619327	30438.6812717327	1880.48704642735	6036.55615908217	2211.20988914013	779313.297416002	122715.956840287	41724.5866819057	283377.792648189	1683.28610223246	2397.10755035718	2296.85654354608	3329.42682332768	14812.1821894944	2317.44932421275	307043.759440039	52827.5410332447
Peptococcus niger et rel.	2029.18142197596	4527.33882095863	1	1	1	1	53319.6736531209	5181.01889090194	1	13497.2513996951	26702.8769592212	1	1	92.0938084684328	1	1269.76775438321	12103.8151702369	1	1	2928.75317845875
Peptostreptococcus anaerobius et rel.	247.082427621679	225.713038822428	389.797547646717	340.916668241871	372.070057489625	278.155032188282	258.349905322615	260.0684530708	284.670184954244	298.074884085062	344.740051491311	226.307561492677	224.248023698103	508.218231663849	286.633493553022	517.65897937058	446.984829776158	244.55577016446	236.351598056339	371.72128273781
Peptostreptococcus micros et rel.	1	1	1	1	1	1	1	1	1	1	1	1	710.884730663189	1	1	1	1	406.102784173178	1	1
Phascolarctobacterium faecium et rel.	653.111052145267	1977.67076846331	1692.10593928161	6739.81585030065	1306.46251816769	1290.77613786883	1018.03518232469	1064.05310386336	2340.89422802525	1205.48277989455	1455.29737813826	61255.6911550455	1112.44811819118	1060.6190735187	1299.85073848631	2071.75487988767	1547.83415083954	1068.93347812494	12070.9103800294	527.116937911438
Prevotella melaninogenica et rel.	1	12488.2084006508	41582.4782347694	843.004028374206	1011.70154523888	1534.71816504547	885.233363244573	1209.1033773614	307098.13942192	1	16259.4957278439	1	1302.01554040274	1246.12188072181	2078.98668587005	2187.86304687124	8162.06643854457	2160.64603900606	1	77374.7030894891
Prevotella oralis et rel.	7409.52380766954	4480.71553521177	24816.7608320842	2111.59455497554	1662.06811998089	607.887698947905	1531.14581534299	581.718291610772	14722.9032914902	39035.3759218924	7037.35773357532	68751.0105043193	539.529750984603	623.031948475658	745.904461497477	926.232824299173	2626.11858487763	573.705007663025	28825.046748043	18229.453705824
Prevotella ruminicola et rel.	9127.48666700046	1382.85946481376	32308.8914943696	3566.24217364607	3336.6627743228	566.797897097644	1643.96145643627	629.463620229923	135971.625979903	33267.9939826506	6578.87397881637	58999.7259157209	485.569799004804	655.183016777802	553.914983709421	950.973851861945	1313.12168182093	483.031779579855	61192.8745542963	3947.57267461242
Prevotella tannerae et rel.	19773.7204500488	28101.0455763718	21758.653636878	6656.20787388702	2902.17129152453	860.750199730957	3312.44641807711	678.475705059359	169367.167754583	76770.7067259168	1	134585.916215481	751.862144329416	834.051002408128	965.815711845198	1179.31073904774	6624.26690643446	819.515783781624	93493.7905602889	43511.6667415307
Propionibacterium	624.936175500387	501.3502254381	1132.37389924478	842.52478118163	797.367364971917	550.549151666497	1318.35338378498	480.318808773372	1062.19214091327	1666.96435392743	674.938512536044	1584.7567243098	463.755907134593	457.666596283695	601.819904532446	1136.77051504131	982.715852087358	552.552326931914	533.25873280095	826.733658932437
Proteus et rel.	159.853710291348	214.655785449705	472.595240922032	377.810586498988	446.791492000452	1	1	1	317.518560671918	155.569364724393	211.115036350474	90.6074616281708	195.324368419027	1	340.761754948676	1	587.267753186045	278.506480951923	300.210530836302	1
Pseudomonas	174.355062027907	236.359378090976	225.530816863366	168.21034052138	226.612047188805	367.749410272579	77.6997863747158	63.5516268558952	136.542754085902	323.011258747128	117.671129892662	88.0914939793457	170.344789048044	1	168.902244781436	35881.9862174177	208.577455231671	163.957479495069	143.395520140096	47.9116672607455
Roseburia intestinalis et rel.	232801.635476217	3442.49063362078	1	1	91094.5268086482	428.221706171757	115022.507589899	27121.5309722786	152734.696050326	76529.4925948518	1	59792.5220334932	1	1	7794.41654071633	2302.40081974561	2024.81334017618	84010.479986662	9939.618813912	239352.108834997
Ruminococcus bromii et rel.	3410.95410812414	1	27493.9879440994	25725.6611780217	1	1	1	141254.927289232	51078.5258911369	1	59735.5320703571	11575.9162037734	1	1	12122.6658296981	1	1	19499.1591286371	11416.0316458431	38804.3563683007
Ruminococcus callidus et rel.	40900.7470385234	1	1	65686.8641072037	186818.633455192	1	53098.0224419929	1	1	137344.2779061	25806.1527558701	1	15818.3565821039	1	1	1154.92235691737	59878.0912612678	1	520.414679889578	19782.744982767
Ruminococcus gnavus et rel.	141388.272495793	7250.39585445481	106414.714278858	173622.38335175	327298.783596951	71692.9236233773	128718.635173416	67018.4678412784	4550.43184374339	98845.623176151	157045.411638235	102966.461241435	28692.1461449273	7397.35446326969	88594.1756399093	2134.13772288274	74616.3179172793	118949.501202431	59560.8550201292	76301.8584937385
Ruminococcus lactaris et rel.	2212.8423352504	1	1	1	1	1	1	1	1	29863.1767870994	27914.9835078897	2311.54661404962	1	1	1	1021.16299697575	1	1	1	1
Ruminococcus obeum et rel.	161703.251905998	91899.0253777147	494988.137162392	1382614.95845249	716364.015879207	508286.403968036	374933.559890801	423381.635234953	90203.2896854555	539822.9235327	305313.629119062	224112.394723966	331436.633208988	1834.55389358238	316498.362470993	7241.16904475806	260585.406548018	134866.24291937	2752.03462318473	140247.758146965
Serratia	1	1	1	1	1	1	1	1	1	1	1	1	1	1	1	21738.5085328701	1	1	1	1
Sporobacter termitidis et rel.	70340.4503018309	139888.171743659	139600.583671135	17047.93337628	8359.90425984804	1	44881.0208063852	1	28867.2927858445	5390.87095895807	7159.77327316922	10239.1185353587	16389.9374665525	1138.14000718685	922.670871787613	3237.9154618249	46472.1474007482	34145.6600595196	5582.75925446002	142935.324075027
Staphylococcus	255.772937927219	223.847406873291	535.923782642827	327.210269385378	358.779899597046	183.617125562548	259.51968178224	1	279.489952619465	329.688163089205	739.936380297158	225.443818034814	203.010774488836	1	1	5981.42323137795	517.474430365124	239.181125194716	229.831184635277	312.159181224438
Streptococcus bovis et rel.	25051.8879582235	1	51910.7259326823	49885.9839306482	129478.96450878	135837.860705376	345319.459992301	171814.442833692	1	272232.608787949	23997.1388888821	14464.7432545989	23742.5767643148	233376.087666316	236999.043294147	15919.1194356267	18698.1742922958	2856.36864255365	1	46912.5866916828
Streptococcus intermedius et rel.	1	1	1	8364.64685994392	1	1	1	1	1	1	1	1	2253.5650327426	1	1	833.198611448195	1	851.41292897614	1	1
Streptococcus mitis et rel.	23629.7485267827	1	1	36142.565563383	243030.156314303	150636.937337829	286881.792606283	149961.147071004	1	216342.022051465	30649.4466523587	14208.6223173719	1207.96862340532	147888.02216789	225304.489059961	32132.1832667032	1	1292.21290898436	10813.0736328878	31948.7619897061
Subdoligranulum variable at rel.	328556.777218218	10613.7663010613	230288.361147455	400719.413152693	64398.5743701104	2866.07967037033	485173.568826972	16312.8067617005	60083.0130826884	18421.1887241462	81474.7671438912	439200.762435705	47798.5977781744	2262.84177327239	98088.0435212183	3603.4957413137	393907.484086008	122705.382139594	5178.60352684927	216083.936549011
Sutterella wadsworthia et rel.	5859.80532145098	3269.79651833754	4503.62260736557	3284.37999741005	3668.92245329105	2144.67663109333	2902.84372010883	2657.86188274878	21132.2450150043	11051.4685767323	6756.93872121352	4011.87185722374	2238.65452592181	4623.65815604523	1940.93522057736	2397.33778017934	1068.64860186369	1411.21240769971	19425.165217671	6805.48847970622
Tannerella et rel.	41534.3062149074	75809.6048460124	80299.0156525608	7550.12595667975	16484.4853714538	2046.85482542285	4616.86485596549	2158.32901026798	183595.441646062	55800.0272268884	17659.3744231555	64794.0507351333	1658.21931897437	1992.65968481109	2187.82218651239	2741.07094901454	7134.19797540455	2063.46475040986	87037.3436178701	24143.6177535131
Uncultured Bacteroidetes	1	1	24071.0026601844	1	1	1	1	1	1	1	1	1	1	1	1	1	1	1	1	1
Uncultured Chroococcales	239.043433168928	231.025930642113	297.770006621969	241.185336402205	237.953325513438	218.450286756917	351.656666571906	180.093196787338	646.898622286468	207.260336657242	224.141296376062	185.323987868972	196.015853050957	180.715698673599	230.903533581774	285.237327075174	336.922974673258	202.584339584517	198.871617959881	270.956176217884
Uncultured Clostridiales I	54913.2810736309	433111.424120006	115614.188023243	4232.88253732955	5554.95200554687	4226.87948405868	43135.3640384032	3385.10063168589	15010.6047562683	3927.09274291321	4351.26384590008	3512.30127141401	3558.88955679509	3426.92448597009	4239.43393118015	7084.88944168389	133487.209106409	16678.3268226612	3639.34360855536	81899.1577887632
Uncultured Clostridiales II	75548.2392456153	225734.309209946	6859.39117777586	1	6055.62240706491	1	8337.18365921563	1	17609.4248903201	2707.71550710215	1	1254.0867337809	1	2664.2146399243	1	6155.19304216763	58659.8606520437	22310.4581290944	3882.8397094104	173123.636633942
Uncultured Mollicutes	4371.73557725834	5434.22914525719	35531.8290663232	3971.96215045238	2752.50248112109	2231.34057302332	2261.72811915455	215.068659528324	3227.73583953973	2052.48401580353	2553.94510949729	2221.8755761831	1843.15368100762	1873.89696947421	2029.22477968546	2813.48748538872	61266.3238283043	4494.61714101757	1976.66920309015	27539.0717108073
Uncultured Selenomonadaceae	1	1	1	1	26.4629578145862	1.73961145704851	1	1	223.638061477568	41.6658229327021	1	1	1.75451304640875	1	1	30.0777565114273	1	7.51152629411509	1	1
Veillonella	382.523894965409	237.452086823175	485.886246339832	264.364202685764	2586.49313627889	373.377483583298	233.518456524917	259.710999012789	634.953043801547	2032.39305628985	315.920512605982	611.744548118721	223.508934257441	41902.0374874427	4343.02908596972	1162.82783904277	515.90904134879	290.13503950272	1769.85780329695	462.231908075988
Vibrio	234.18868057273	404.638173430311	346.156538402279	375.16266165098	278.681489591511	196.899244384599	278.947978553164	1	108.053349855118	195.794272020144	33.508674110895	1	216.755806153254	1	158.300453008161	1	245.793615866602	207.85157077654	117.737829577319	1
Weissella et rel.	426.766610975872	295.207420584298	499.646902797343	734.752272114298	462.970393956119	357.532879159135	508.802708419565	308.453394503877	448.42074979022	665.569216698029	746.190995245916	346.640400343416	431.331208277802	305.753213732945	434.728918858461	400.201152517524	566.43977273151	322.360539594515	300.837017966258	528.569046359522
Wissella et rel.	106.094773245855	39.6402714857608	55.0108319422523	21.6594335245154	63.6251003923751	62.6874763899008	47.7045344294993	34.1370831611786	43.6426289879028	115.707370811467	56.019110716647	56.9360083278953	24.0222888075157	39.6488241704087	34.0693068446665	40.0664934994381	89.2090604593449	44.6864956964438	43.8482319725597	132.957488091512
Xanthomonadaceae	1301.83539952677	1747.15948244188	474.764173295529	326.358617699632	420.67407050287	336.389715107123	439.682548958182	349.940563171319	751.483593282532	360.085591056539	317.817829920315	362.584864121859	251.890934374098	835.804608845372	339.192853494879	335.739383936942	442.471620999643	326.271075017548	242.606156537896	1336.1121028065
Yersinia et rel.	501.549972954018	343.264833053228	795.752537641372	587.929441954854	548.091427825571	585.798546085333	414.06109260253	323.376199533685	640.03620142392	460.075299381343	687.161814165805	518.541769888673	441.731631981788	4289.09965397246	606.676482320685	1	909.368142808581	469.587685173282	475.401471556652	521.594405144368
