	Sample-1	Sample-2	Sample-3	Sample-4	Sample-5	Sample-6	Sample-7	Sample-8	Sample-9	Sample-10	Sample-11	Sample-12	Sample-13	Sample-14	Sample-15	Sample-16	Sample-17	Sample-18	Sample-19	Sample-20
Actinomycetaceae	1.97810535748674	1.95322419063398	2.21188077551797	2.15892292494206	2.07228524282246	2.03092764504033	2.35367972101437	1.94434323127485	2.03680805491775	2.12924369715458	2.10721597366508	1.94012280039671	1.99927271219549	1.97629936880815	3.39098206614483	2.07025153004196	2.22232028850193	2.00027087243837	1.93846589603795	2.04212183228891
Aerococcus	2.17627277668513	2.13871757543073	2.33331653469839	2.29530816703061	2.32893332485069	2.24069554380678	2.17666590564338	2.21045055604466	2.2519795371585	2.34140504544219	2.25937368984019	2.18855653090297	2.16360367229327	2.62660258896232	2.42112068580773	2.36172032274422	2.44102023176571	2.18204515328257	2.15679185460205	2.32545601195748
Aeromonas	2.45241257126379	2.29389555075304	2.53361194581223	2.55250916443866	2.48801654490888	2.34682131872646	2.42133515502695	2.27020754617884	2.38571836608136	2.42539131887781	2.40235688764834	2.28931059553844	2.65849452425446	2.26635839211034	2.56424495857702	2.46702253567914	2.58736086489981	2.31504584997675	2.29174608498987	2.56538026419382
Akkermansia	3.43138186494218	4.67436222971288	4.16133377624293	3.27221380573712	3.08122704882556	3.32506547699459	3.63094174979597	3.6013700531119	3.28799041672797	3.36515217061911	3.16277384131724	3.65276191472557	3.11986437365594	2.93319153384244	2.8333622180973	2.92823254383776	3.20881023451789	3.04085431960937	4.26275801481891	3.25583917438188
Alcaligenes faecalis et rel.	2.38349358838242	2.66335403921751	2.45558365400774	2.32688521512485	2.32218091739738	2.31580768344626	2.22185519212964	2.21234023603504	2.54375135843586	2.30649782728318	3.03283427804822	2.25169027959337	2.22981445154621	2.23735138830666	2.30301943422439	2.27888410926483	2.5317787932604	2.2723853213937	2.2353810790559	2.33137730431347
Allistipes et rel.	4.78128429214351	4.84322438640457	5.54955555074106	4.22151770104812	4.3577251501009	3.42424316970709	3.87251777364748	3.40134367068895	5.46108324718047	5.30515293481561	4.91998263357095	5.21194928681366	3.35531415712025	3.47056770386243	3.48270979689904	3.66847477394421	4.5367000470953	3.6156725016236	5.07984210770057	4.7256803769508
Anaerobiospirillum	2.28600731473042	2.27034456912453	2.46429765359922	2.35976670706285	2.35326434307621	2.39246330103388	2.25757479904495	2.26136944512069	2.40476550067865	2.34624460479979	2.38056276588174	2.26610536399803	2.27288795091314	3.42710733470343	2.34526941105091	2.77840220853249	2.5511709037136	2.29477264836221	2.29308120637605	2.31753181510195
Anaerofustis	2.73829933186013	2.5819850666426	2.9134232607416	3.43002745780093	2.98353205520272	2.76193102715003	2.9377982273247	2.7575994284317	2.66405404256682	2.98563953244148	2.85217754769475	2.58351764566102	2.62995469167178	2.44261150562468	2.93469218014811	2.60406993656621	2.855853839777	2.45012587552047	2.39181237067874	2.98944145828537
Anaerostipes caccae et rel.	4.53480550373479	4.38571883077109	5.23193093609876	5.2502667190464	4.44204809784898	5.24443154632758	5.05771323569417	5.02353429821829	4.43713612881188	4.92437169680222	4.79286912194959	4.57682462415544	5.34080250298807	3.07556818987975	5.0210897122852	3.31699755672721	4.68441223786149	4.67295896949089	4.73925687944072	4.96810880897009
Anaerotruncus colihominis et rel.	4.15525258496724	4.39481181947249	4.68100485265519	4.08931827505036	4.20363958614158	3.40553585019558	4.48597699759489	3.52789935968175	4.15258979985601	4.2076143442018	4.73843000307064	4.1902748660149	3.26717081201954	3.22892855153489	3.41982597635364	3.49745557869479	4.16940443283327	3.46314688553239	3.88969853188189	4.26661623338926
Anaerovorax odorimutans et rel.	3.90977565909469	4.42103541740665	4.73256062801392	4.60287377491521	3.80059630670454	3.2420982797282	4.3084034240632	3.58718535712756	3.39697908747651	3.72056597932872	4.38671824393963	3.94923945541659	3.13836945038048	3.09489052744524	3.41845502643545	3.21163209963785	4.48677047375272	4.13728228309387	3.2602633327311	4.33916528747627
Aneurinibacillus	2.77271273451019	2.52510466817166	2.97801850896085	3.57962554268049	2.9444008798321	2.57065637951307	3.22975750897541	2.41385287926607	2.69034376283559	2.84388934783835	2.69308368265387	2.6797591597696	2.66454797926366	2.34099086498637	2.70637000925857	2.79038834091444	2.90224694981317	2.48068347971207	2.43394201440019	3.44963300341785
Aquabacterium	2.49889335953452	2.29191087717254	2.31288837133768	2.10745769707693	2.07834807415451	2.08295918698811	2.02775677666017	2.00252691334743	2.48416245553673	2.12393630539825	2.11309870366281	2.67014981347637	2.00059767587864	2.12052617718459	2.12534045988458	2.08652686796639	2.3026628693348	2.02922262747577	1.99538074158411	2.61943374885293
Asteroleplasma et rel.	2.37349626607761	2.36247572704152	2.54188399254335	2.45660001873394	2.44482135956478	2.43178289574228	2.35487868397748	2.33854191559912	2.465581163024	2.40082024501139	2.44415234681437	2.34510368044721	2.36494740839226	2.33693964515576	2.42418854230521	2.50288291360683	2.62526596601556	2.36987653200775	2.36789345671032	2.42325179660403
Atopobium	2.56073014763155	2.705701876377	2.8273510291454	2.86564764712639	2.61255216660124	2.5562708898506	3.18079714664126	2.47075487724356	2.59286969742907	2.51236156776382	2.74589916213775	2.46068754866472	3.45602282549029	2.59927496972232	2.57457653346347	2.66138875720114	2.87638459581851	2.58215146722362	2.4922998771985	2.78693335260194
Bacillus	2.78809786131519	2.63722735577778	2.89658549102902	2.89212725967163	2.77828276515629	2.72670476774417	2.74944392152074	2.71027156974083	2.73685346734456	2.78770082239322	2.7639429229614	2.71768909601694	2.75951514976207	2.75713378427524	2.88169198533674	3.35910770372536	2.93746830087749	2.64587909872997	2.6200251536014	2.9268920478452
Bacteroides fragilis et rel.	4.10203422728568	4.71906264897657	4.28687178280007	4.5177967764752	4.4623450511259	3.11495512430323	3.49479006533019	3.23550400052069	4.99295432176515	4.68657607396177	3.99968730673812	5.10013585702664	3.03457813902975	3.23875456819174	3.14059452422051	3.36022254456126	3.55186790977142	3.09767454622792	4.98544932070603	4.05848229704947
Bacteroides intestinalis et rel.	4.06723783078756	4.12213807462774	4.22890459246458	3.71084656272713	3.64379041810253	2.56785549773541	3.47473810238265	2.57510195959647	4.87168731223946	4.78689911507039	3.80648505557261	4.8653718717545	2.5321698230712	2.80538685783304	2.64333067853234	2.80460778061226	3.27808534171973	2.63589314383598	4.59286452969754	4.26615470826902
Bacteroides ovatus et rel.	4.37750191020009	4.20805421739112	4.68798698146931	4.24577828868997	3.5592196485541	3.14229230531957	3.64824906164727	3.25214896495529	5.12853363221552	4.88541254781941	4.24409623006648	5.30411021744977	3.05015535790653	3.39769638885361	3.13918340639135	3.36385825821779	3.9302024995029	3.12269048949814	5.43872266465423	4.19635468784045
Bacteroides plebeius et rel.	4.47249663904705	4.10533056555475	5.06734384035855	3.7810517077799	3.89787018383076	2.91304208121936	3.61162907521807	2.85761293436752	4.97647930328493	4.99064995967118	4.65402148762624	5.16514211517925	2.86980518463842	3.126213406365	2.96102947933417	3.2511627099997	4.05760531558348	2.98127052554902	5.1317165337449	4.40860652652172
Bacteroides splachnicus et rel.	4.31652224674107	4.73245072498773	5.12644374155808	3.90936183606245	3.80879307854664	3.36586114439595	3.66499267915813	3.57473617896827	5.28997681857382	4.89583982991214	4.27665076525584	5.18191082622974	3.25016668112608	3.87193590128422	3.37033543208349	3.52655007329971	3.93882733650798	3.36608828230032	4.96419027384894	4.54418134965853
Bacteroides stercoris et rel.	4.74688195666651	4.05032378029941	5.01583019235074	3.64739458580645	4.33096657457428	2.92972098957885	3.63014653835546	3.29275846300813	5.45118809609814	4.68950022054016	5.08344897117766	4.9790365445184	2.86308243797795	3.04658187146699	2.94815760405126	2.99726648108424	3.9083339895358	2.99864449311409	4.21665534713546	4.51935697504364
Bacteroides uniformis et rel.	4.45184498212648	4.38534531568329	5.05056582506399	4.13432648325785	4.46232764433857	2.49350465350128	3.53020230100952	2.63077519786301	4.94000245783286	5.06618207708012	4.56661471321485	5.23959614991063	2.47218777134133	2.78969462267925	2.54300077398542	2.7458370830338	3.90789158758079	2.62150345570188	4.90892252997478	4.17900150903615
Bacteroides vulgatus et rel.	4.49465377813829	3.83991071973184	4.6664568393022	4.3251085405535	4.51216081538135	2.71320925452085	3.63126908248997	2.76210432142947	5.12194063333348	5.16923944898878	4.13631173874922	5.36003096550849	2.76043515187725	3.56931727957152	2.91609941610555	3.16187544203428	3.96759832138465	2.8626307683571	5.08656947275557	4.83465369393413
Bifidobacterium	5.08522157431586	5.37460025566202	4.97642847944688	3.41253645172301	4.19647047119985	5.23786433183588	5.72920392620779	5.76274650992296	3.48294650381651	4.88297078697632	4.39976236956338	5.16906019851481	5.12856964566217	5.78625796465355	5.46501519934522	4.7227768299647	4.64370143194974	5.03942985961041	5.02702717375013	5.55380690650568
Bilophila et rel.	2.61660576959187	2.63308725707487	2.90124335159582	2.68411020917838	2.67379249787983	2.65133859314855	2.58155727499108	2.56126182267924	2.67492852447386	2.6318821627819	2.67264006069554	2.77747766158268	2.5775183932567	2.58732518977304	2.678835486204	3.08746627624915	2.8521678983778	2.63285205743343	2.62668936432074	2.75318179830866
Brachyspira	2.52035986775437	2.56872841298947	2.70529636605162	2.5883652981267	2.6152534614155	2.5999301892551	2.50870818452878	2.50220418642983	2.62827136416598	2.55648930141285	2.62151712581915	2.50313148072316	2.52513470132276	2.52334199983842	2.59676374379526	2.62002520064289	2.83177986496374	2.56318273316665	2.5348985820907	2.55660846483409
Bryantella formatexigens et rel.	4.80283341268797	4.29148893924604	5.0091640669634	5.10428974315847	4.72066087895788	4.77497748577183	5.11351089249561	4.48085731406184	4.63391981989264	5.22709448208505	4.73716416833441	5.09990814278038	4.22739495060718	3.87293271950487	4.4358200619245	3.83249867991559	4.79665811584942	4.92799803944326	4.06424897237062	5.27641067581469
Bulleidia moorei et rel.	2.89718126588196	2.93081775933024	3.16456684426854	3.06509318689723	3.01657264986577	2.9498667773968	3.03932606451747	2.93849332976485	2.98810551783863	2.98109966493345	3.46539485112367	3.43786310898978	2.84672797998079	3.32466698689424	3.0122500042162	2.98638994432662	3.15169656293381	2.89774130715851	3.19793802819794	3.19376140784836
Burkholderia	3.22232683393907	2.97572174347885	2.38085511590968	2.22060599913496	2.21505955824374	2.25681702496233	2.12290936440214	2.27151301559852	2.75669563729779	2.49895244745059	2.24672565683792	2.32160903177885	2.09390021886675	2.87133197883203	2.19061614251075	2.22458283842101	2.35615141661348	2.22138329140337	2.1464163399562	2.4772045206055
Butyrivibrio crossotus et rel.	4.91417439872447	4.32498581501982	4.83174620342391	4.26161679422564	4.73401711801209	3.84921582448937	4.84554527047962	4.3874706340891	4.75082381402942	4.81569275932996	4.26700315376045	5.22555846361314	3.67493965137704	3.96193148468477	4.21357573409311	3.76143539839616	4.83970518462685	4.65616897586694	3.72207026141436	4.94376173651141
Campylobacter	2.89862037925388	2.87803415534528	3.05724014392787	2.96939640073841	2.97898341144661	2.94915500640198	2.87735322476664	2.86563837923521	2.99344860022786	2.93409151121768	2.97092846913201	2.86787879708868	2.87958996958445	2.9007248510198	2.94813962418555	3.12727387018673	3.16562782589412	2.90016248214336	2.89757887958764	2.91477081475369
Catenibacterium mitsuokai et rel.	2.32754531396249	2.30377118938222	2.77591215866727	2.38991528578226	2.40129151615348	3.17552323285966	3.00705819229523	2.31627534306631	2.40649097395376	2.58548486649392	3.57919340094191	2.72779596384806	2.50154696250967	2.25922356480032	2.33896193206235	2.71418758993474	2.56476741942804	2.46505743667064	2.27078909569677	2.46423858474321
Clostridia	3.72433728471989	4.74795595500544	3.95915514027467	3.6574656991902	3.64676727106375	3.80063342818374	3.80647664742033	5.10581637989772	3.64409270141485	3.76574492275543	3.93038158709664	3.51537210073905	3.66505598539804	3.74234817325188	4.7782417095578	3.99067615597993	4.20802559615093	3.92110453007588	3.55633264912772	4.48879033202654
Clostridium cellulosi et rel.	4.75777826193762	5.17098377860855	5.23632370600839	4.61554609949853	4.88345210279756	3.42320444811178	4.55815006358232	4.09845040164424	4.13156111554728	4.67787014632381	5.00491695510064	4.5170000543412	3.85315383606964	3.53787495621507	4.14791263815005	3.53958831549011	5.16873763808319	4.76194206093009	3.76877788792895	4.96670571304008
Clostridium colinum et rel.	4.14341434883923	3.4227378825928	4.31608970535886	3.87709600398575	4.08682923482537	3.40382128654933	4.10654852605884	3.28357499292135	4.54739916563361	4.37571329120776	4.59129366729439	4.17651878602983	3.5290663776348	3.30606267190149	3.10310868280204	3.09994316581895	4.14431723348333	4.27095615255362	4.45833020177297	4.3998493707844
Clostridium difficile et rel.	3.61941630198291	3.31304951569475	4.70503061219072	3.57259723211169	3.49221443311536	3.72944980035227	4.34156363974644	5.00839950455307	3.41482317430038	4.21380357052549	4.26848928566913	3.50479716318924	3.84557652819008	3.26098656579858	4.21410462303056	3.44400278956701	4.59948781582259	4.1468394557988	3.5538188012033	4.66746677689396
Clostridium felsineum et rel.	2.33605462133254	2.28622959638585	2.69499743402459	2.3658910686871	2.35418492745977	2.34504037403358	2.55458060055678	3.03367639409686	2.38097949061907	2.38479914635133	2.78095596593324	2.24377258420447	2.29808064696838	2.2685225731072	2.68445200064193	2.46130686769263	2.75118362666062	2.53713545881672	2.27988021156055	3.29111100067137
Clostridium leptum et rel.	4.42599830221816	4.47041432232377	4.75507726283769	4.43878530857666	4.27011269813693	3.22514361316389	4.66733551847079	4.23377600869039	4.33895095139531	5.24660324681088	4.43270737760331	4.07106784564948	3.95688469596783	3.27972425155463	4.02809296226755	3.36533251049346	4.65466572017616	3.9059824394419	4.09622122985045	4.48655489774223
Clostridium nexile et rel.	4.98862458183818	4.59753368996446	5.29735525458236	4.57840019047776	4.87073457809601	4.87046778501806	5.40295064029926	5.18906793356546	4.90985427580803	5.31250688306988	5.2239037610182	4.88430438351204	5.15204624607671	3.04777927908513	4.16371948374336	3.03060592971672	4.72163030566188	5.05079340053272	4.08141647793862	5.18067501229411
Clostridium orbiscindens et rel.	4.97172897927188	4.64480938378247	5.27016536739776	4.94931811028557	4.81203445811932	3.90183239437894	5.16280410859705	4.90951752649194	5.02416988324419	4.94527761869482	4.88067407178976	4.9959678421861	4.03697817997001	3.93202819286063	4.16927267113945	3.75995653216355	4.84105313854387	4.58092699241821	4.65435866810531	4.8484766497631
Clostridium ramosum et rel.	3.01275436150743	2.89830691637818	3.90227336222816	3.71280534591363	3.14536745914842	4.20433996980303	4.00464217354516	3.52445342844775	3.00998553956547	3.59265451919864	3.03845075711932	3.43941041242967	3.37275407683348	2.81435494888728	4.27148045313835	2.96341146005147	3.15697429313045	3.36917942140892	4.07584088971925	3.088096251263
Clostridium sphenoides et rel.	5.09501516569446	4.74923615877584	4.75003437646164	4.77279682354997	4.781994821258	4.4383807726744	4.94933811830905	4.29231512233082	4.56592392603598	5.31985565346127	4.77716941582365	5.0726745593294	4.30633748589338	3.56146938005239	4.16202184709176	3.6754222397758	4.64953843855697	4.77014621439093	4.8475422983174	4.97917926366797
Clostridium stercorarium et rel.	4.97109203201433	3.97231883029409	4.41007398807017	4.59054733778603	4.77150738643188	3.10057939002441	4.65649085737381	4.59613176339707	3.52574910499074	4.3530103870241	4.1339679465116	4.03120162655303	5.00275444935654	3.00786974774507	4.9445951102326	3.1553697791967	4.00109250051239	4.09121312648415	3.76159834119624	4.73844438317238
Clostridium symbiosum et rel.	5.12753499036682	4.55405733651681	5.22901583855021	5.31178367983834	5.25514529622858	4.78246227277363	5.09766648297245	4.94564497922984	5.09657740536499	5.1961971197803	4.97186108800509	5.15659738983674	4.84892900464611	4.03447992857637	4.8343738489698	4.00373385367459	5.01263712443707	4.72010868579362	5.21201680761876	5.23647529834451
Clostridium thermocellum et rel.	2.39280067160474	2.36772117609989	2.55471262601502	2.44962032350442	2.44828817609066	2.43736971344365	2.35977625612224	2.33298969374475	2.43822291751335	2.39995264441104	2.44749685286676	2.33656385317996	2.35247997186679	2.3447176551662	2.43639655441729	2.53391641220613	2.62941795976617	2.39295553740919	2.37090994305244	2.4293471158814
Collinsella	4.04204102615687	4.4586940790409	3.42903800957127	4.6602714523433	3.76842001981786	3.13747904636264	5.13767781840434	2.99747154027946	3.24758321974256	3.80705918697543	4.89392121896445	3.22214349255976	5.01241729836797	3.0430929747617	3.16076821169374	3.33241627728841	3.99997516571452	4.66533765105708	3.03307137633754	4.61847641907858
Coprobacillus catenaformis et rel.	3.24407086635489	3.02823786557648	4.33336123349008	3.12710533564086	3.44699396410586	4.77470925744257	4.37332496798285	3.38162393254089	3.15814885063345	3.94060182632902	3.2458390840768	4.1276553160744	3.84734036093239	2.87829611825306	3.48352637737197	3.13678536367121	3.32587514515597	3.75975920140171	3.42419801562376	3.44375304058211
Coprococcus eutactus et rel.	5.25889740038118	4.37265672968879	4.87926320286619	5.09111253790304	4.80881650963286	4.88635397936873	4.98688442460538	4.81748020060462	4.3788995177968	4.96526382518209	4.75390294613845	4.72199346165067	4.51328067623914	3.94941427657705	4.67419955687095	3.72317642137376	5.00674263066595	4.61373758369914	3.73366103290073	5.27778780438836
Corynebacterium	2.51529882942849	2.57985350716626	2.7002215254693	2.57791214096652	2.57837481770504	2.55087844145227	2.63893518481071	2.50384832148243	2.58438080295797	2.53622983920575	2.57242049896924	2.46962061901567	2.48642267517487	2.52671572555274	2.57023048588234	2.88455193088943	2.78707776468786	2.4982928551036	2.4865850224745	2.63504655510629
Desulfovibrio et rel.	2.97189424162781	3.10971068627176	3.04218017438261	2.90102827428966	2.92209504061057	2.88174258718856	2.82610781799746	2.78995723118092	2.92671111141683	2.87248829034235	2.89674544038382	2.79284326080436	2.81024201166687	2.82338336449375	2.90283747148606	3.07565000284937	3.15116319743004	2.8694874556416	2.82102522913858	2.91940846061359
Dialister	4.63748604954011	3.35949418320909	3.33878677847321	2.68403513411907	3.92254970011191	2.67889506899929	2.81629404610741	2.6567248529487	4.59051120015541	3.7807465024247	3.81594822885183	2.63575317013745	2.61057523171945	2.7704628161147	2.70103422138955	2.74509872022113	3.02769571247613	3.31936073220959	2.622996492739	3.21716168811243
Dorea formicigenerans et rel.	5.11786527294514	4.85912391958325	5.5362036462054	5.35369365245848	5.08072420205712	5.18069237085592	5.61706403787349	4.98749823507925	5.04183577517235	5.47322389441737	5.25359169445507	5.30538753753603	5.02909355433626	4.24013239346139	5.02258209441331	3.72598169605499	5.18568246212407	5.21357674582733	4.61813270200749	5.35887792154301
Eggerthella lenta et rel.	3.38296482859962	3.1921102460859	3.38248292015462	3.7979676671821	3.33761951813589	3.79787847053304	3.51190491757504	4.26302182864758	3.20350629881527	3.08421746688232	3.44608690471842	3.20257199930108	3.89830626519571	2.88038142943222	3.63380113464031	3.1902055144971	3.67587027522325	3.11780388660403	3.10936632157909	3.42510805490795
Enterobacter aerogenes et rel.	2.77221277197972	2.64988028463087	2.83772750043434	2.63593059723999	2.63990511447413	3.00661795451986	3.16494197810596	3.19663098191354	2.68769320883692	3.14816429460718	2.79315906649971	2.84817989925944	2.70129211691612	3.70689787031652	2.72461505445676	2.87590205095073	2.8246978991603	2.65507705431474	2.56404053623429	3.26166642941992
Enterococcus	2.91764844295113	2.88652505173388	3.16872218960156	3.00231872063648	3.1634246920665	3.36292681276036	2.92764279470256	3.77098920123041	3.00147256137926	2.99419166191535	3.00620705127506	2.89149142876152	2.97137838728565	4.54990627537762	4.01287747065932	3.48718380441611	3.33552255138617	2.9398599269715	2.90012877439152	3.00562888751378
Escherichia coli et rel.	3.05591491904505	3.16739677566782	3.24243634751224	3.24291950207382	3.12147188016579	3.51573691476103	3.04100523316473	3.02805828988701	3.12241461871674	3.13212541120519	3.32854016189572	3.22385499116326	3.04649453805825	4.90305250423938	3.29273491093491	4.44757138038097	3.30424509811573	3.06346812545009	3.06596918981756	3.15636450086642
Eubacterium biforme et rel.	3.09963833788273	3.40800754963639	3.26884580554917	3.08707471015949	3.28443984541001	2.8058568791124	2.79927783684486	2.73811532017817	3.41282043179701	3.32894535694646	4.61671714134603	4.49527129430228	2.7397306755858	2.73870299572005	2.8279179983209	2.97762156188383	3.21475334539044	2.84200653861636	2.76462365083728	3.80274747770934
Eubacterium cylindroides et rel.	2.84126313632306	2.82232303977168	3.78855702885549	3.11460142992012	2.93444737957038	3.67497162513197	3.17039615564899	3.14802815695896	2.91878182158273	3.51943576101448	2.95527676867038	3.00803926138795	2.8328334374719	2.8078168162139	2.93223160236728	2.93457175251149	3.1109022023352	2.8463762229706	3.43887412474539	2.88334390040406
Eubacterium hallii et rel.	4.47111479844525	4.03823030957733	5.28874018930901	4.40466027976057	5.2491212758979	4.07968896211129	5.19701834970391	5.4626124875306	4.1263398032912	5.08423815097831	4.97079531301405	4.68706274763334	5.4794256922935	2.77607251218462	3.84553159411785	2.88725430377813	4.67389058867676	5.022501792275	3.48746320260722	4.92564809936076
Eubacterium limosum et rel.	3.09615122701259	2.91627655325223	3.14598063009213	3.21439230124461	2.9875365359426	2.94835833153711	2.99316892531471	2.92108795763816	2.97682115170476	2.99914131743577	2.96824876157008	2.95874659184988	3.0420721365281	2.89694048436428	3.0048293098284	3.08156474439445	3.24333424568374	2.883851082828	2.86153042120474	3.16746811247675
Eubacterium rectale et rel.	5.18598852840175	4.3167212972274	5.19206053606665	4.37453301193607	4.47240186738978	4.70931291249889	5.07677394825778	4.97297953784995	5.16085729716527	5.27630400471501	4.95928990579981	5.23462325861419	4.92336298796317	3.28125751609308	3.8406395083287	3.39227008802503	4.84214161228744	5.22538214098458	5.07190176811358	5.22452702786792
Eubacterium siraeum et rel.	4.29405778243331	4.99558807779739	4.25669050963012	3.86597423129497	4.26887087841927	4.16018069339788	4.45600369404154	3.05995852243334	3.60760177531839	4.05082724403623	4.25002515180177	3.99009136197736	3.00461003848848	3.58966585590227	3.1045739238419	3.40179352085493	3.94865632990291	3.1426599429145	3.01818716189349	4.33219156986719
Eubacterium ventriosum et rel.	4.87288160822273	3.97813460512535	5.15883385188952	4.05510180927094	4.4582543212874	3.92917521220386	4.88341189530654	4.91191411469795	4.6025220408795	4.85322269201615	4.51741714275615	4.83467691465078	4.8694227852763	2.82080644622521	3.73248440320554	2.97484686426151	4.29979103289863	4.75572439840148	3.9110558805712	4.8835968799809
Faecalibacterium prausnitzii et rel.	5.81336385736469	4.7080116075776	5.6592390327778	5.59100308285511	5.72019437643667	4.13358085880873	5.56574270695945	4.31284245283175	5.76512087564721	5.87253783416184	5.67272732935181	5.71109296218934	5.0273260017774	3.61620722438929	4.02347363304954	3.69731891359198	5.89135337040008	4.86252333602526	4.90005087530865	5.87715643485005
Fusobacteria	2.83538979515284	2.82899624516317	3.02248512344679	2.90907998514322	2.91775556143963	2.9056943774216	2.82137677211955	2.81528706340609	2.92596114507497	2.87951788385035	3.000228095515	2.81531373282421	2.828069267257	2.80843446338546	2.91301729082555	3.02100097812783	3.1114792609401	2.84212531108184	2.84042418194075	2.88196705288276
Gemella	2.48201702682595	2.47380009253263	2.67449458331841	2.60050155118192	2.67383914902968	2.5801059458218	2.51041023246618	2.5654678055065	2.58348009228379	2.69169559295959	2.58804167858465	2.5064386565491	2.50312049429012	2.7269530557524	2.61734929685409	2.83165667888242	2.76515039783437	2.5294898698361	2.518817928434	2.53024163952582
Granulicatella	1.99199268434285	1.91368346522091	2.12822857077877	2.13112495159292	2.45497426174756	2.12127823434997	1.99228736086802	2.13889560639414	2.02448439521264	2.23518055413448	2.08465753912084	2.03739474745238	1.97003982252038	3.00230094108211	2.53197998068926	2.28930331063732	2.23034690744596	1.96940579706365	1.94370942554093	2.17870907145921
Haemophilus	2.07398422675731	2.18394491923276	2.29804639545621	2.15417539835099	2.17086432124389	2.32905218961611	2.0922244351329	2.03261793461252	2.15808658908882	2.35069853092861	2.17514724959826	2.03931041347309	2.07232707262021	2.56889124844878	2.14366020089683	3.94963763360141	2.35238715248167	2.13457517231786	2.13538564248045	2.09206122639076
Helicobacter	2.71130006949027	2.71882455475147	2.89017233560389	2.78847918756176	2.80529189084568	2.77667945234566	2.70486443155691	2.68455294977476	2.79571482107059	2.75243774836913	2.79255475250675	2.69420591867773	2.6978848451314	2.76028859150393	2.78460478962594	3.02026113437741	2.98090943288565	2.72354624946891	2.71675955341477	2.75060607084906
Klebisiella pneumoniae et rel.	2.66357659776856	2.745795963236	2.78106369840549	2.66761732274648	2.63739475703119	2.92647943923633	2.89545471104352	2.85061652008297	2.66165526632579	2.83880790662784	2.93779992536564	2.68628730124475	2.6055737111978	3.63366361657287	2.69544746131518	4.18561617969896	2.81434392979357	2.59357157293633	2.56267919593541	3.06169648574799
Lachnobacillus bovis et rel.	5.26702046555774	4.05355930336325	5.01395116742636	4.19907703133734	4.54876164479005	3.82970694803348	4.8050427759592	4.74372174544638	5.32371084728311	4.91822799200273	4.23933430921737	4.89470730513446	4.2843339949509	3.12064903789321	3.5416521274567	3.19762815721393	4.96533560702405	4.63744046980414	3.99737434708333	4.91461223471544
Lachnospira pectinoschiza et rel.	5.11401113987629	4.53305249917365	5.14557593113734	4.97921217325503	4.81593083869464	4.74647638303827	5.06049485571378	5.0045271851622	4.78217023880867	5.14724988098925	5.04199638290518	5.37197272691262	5.07349007576481	3.46687955667663	4.49768756428789	3.65763095262723	4.85245818217631	5.26528086920049	4.95341371138332	5.57617741811194
Lactobacillus catenaformis et rel.	1.57553167085321	1.57142808762693	1.75692305769249	1.65908876994588	1.64145832002223	1.64955321826585	1.55614099495946	1.56006226113907	1.65863410573878	1.60795547260137	1.69993104705855	1.55459055477467	1.55076971024717	1.57110210106055	1.67055588889813	1.63329517411899	1.85024518629361	1.60544014892914	1.5746946941583	1.60026119013302
Lactobacillus gasseri et rel.	3.423169188534	3.26561743389819	3.53488409979223	3.36165430135884	4.7254944849494	3.24534274697071	3.45804885054361	3.19617174634662	3.3723981229861	3.85709877934777	3.41774158018668	3.28532264862441	3.21251179648727	3.22781504071831	3.34586886735214	3.52482003017632	3.93331902369624	3.24644570178976	3.18123816791266	3.61906871640977
Lactobacillus plantarum et rel.	3.26706264304061	3.23894385087099	3.43250778777583	3.34495343266207	4.37203021058711	3.30840585644351	3.78329998962009	3.22792517838126	3.33645400659227	3.37119070463297	3.42200897024253	3.22897334884699	3.24182335615728	3.22983801499432	3.46328717022468	3.45932661985852	3.6026034954272	3.26728149577922	3.24782705153413	3.37750952590492
Lactobacillus salivarius et rel.	2.58559821827005	2.55221308376315	2.74964791318452	2.66364041954116	3.57145632857847	2.63535529517511	2.58125460602249	2.64382493304551	2.65600486760743	2.62194798194337	2.69877100257405	2.54321198613638	2.62033839763404	2.94686081681928	2.80114771431503	2.6993132729363	2.84885968036461	2.580938584724	2.55498608944491	2.71542272616174
Lactococcus	2.87426247335993	2.70446573731668	2.89887328709985	3.76871890684675	2.91961045136004	2.79489246634381	2.81831359532989	2.72608378343613	2.79512050967496	2.79934182984396	2.9009603006696	2.7573156865947	2.71426002201901	3.11241968020398	2.78203374378561	2.87083387932545	3.00995980056106	2.75422794995635	2.82164285414085	2.75586734108847
Leminorella	2.11305544894396	2.00744130251447	2.58989661213343	2.09878589128433	2.1187715866194	2.09501091034871	2.03456148292903	1.98602445947042	2.48001695831882	2.31671879575434	2.12209096655457	2.26096742673591	2.00084567671453	2.10092124053285	2.09200203235838	2.13455995521712	2.34334051202102	2.01156288678169	2.11554864395	2.12224173241834
Megamonas hypermegale et rel.	2.48744068889704	2.47405644512589	2.64701738112345	2.55009743174906	2.56730970392447	2.5357795470306	2.45837367792676	2.45590721064642	2.62717902577172	2.50830392964433	2.58187497015573	2.46819979976365	2.47090314341585	2.45521393947381	2.54613185703298	2.60062686647055	2.76507018905321	2.5057253046814	2.49912875066991	2.5101035193996
Megasphaera elsdenii et rel.	2.76520395134079	2.72162573636768	4.57971412453631	2.79845420905002	2.81842465456914	2.76509274806096	5.03011094886139	2.6889347106127	2.93360089790027	2.83508502869375	2.91097694964126	3.04239225518229	2.70995661455718	3.98647446233272	2.7858119882044	2.89955777937637	3.07107625472942	2.72880047981897	2.72813998135533	2.80024975961157
Methylobacterium	1.91480058316538	1.86037837361027	2.07500908770024	1.96455116117421	1.9726219317592	1.94940153759502	1.86364249307146	1.86212636911944	1.9700500246291	1.93129544435109	1.95652285361108	1.85529061329313	1.87944000735072	1.86357977577309	1.97135333994437	1.92045112361501	2.15610516455906	1.90644596004516	1.91337425931247	1.93930412527955
Micrococcaceae	2.28586507734685	2.2712178459558	2.46488379158308	2.36629520743056	2.4153646174578	2.3629605054504	2.28681108547913	2.29060990563374	2.37894971014308	2.32844747853734	2.41587748135221	2.26097721130998	2.27376682225252	2.41469112884548	2.46246225693456	2.83123459856858	2.57827705421161	2.28542369776903	2.28072197973309	2.34372178814171
Mitsuokella multiacida et rel.	2.61042538019925	2.54734189632672	2.71482451570888	2.6267836242331	2.60891122506452	2.58549111524424	2.53562685424953	2.50918477093855	2.84438130344914	2.55084537399093	2.62043110067379	2.50254757036969	2.52562100410052	2.51271408913238	2.59362726861502	2.73914498299571	2.81460434850265	2.53908364039908	2.5371919445191	4.45145448373551
Moraxellaceae	2.4905391713432	2.52913900824231	2.652859151119	2.55184983238336	2.57943192971948	2.54672113027718	2.46951977083346	2.45594769805939	2.56920934967545	2.51971349965334	2.56446949012674	2.45659453983973	2.47707267480334	2.46691268132416	2.54634405407292	2.69513268521145	2.76363956671071	2.5018635181178	2.48751721989103	2.53263873070499
Novosphingobium	2.13968051918267	2.14652265916421	2.46687487025589	2.19299858197768	2.37265967010213	2.15363790712857	2.10485170177537	2.06748722791433	2.30760690090568	2.18032904316706	2.18369449755313	2.09224892403505	2.11883275993783	2.0636401557216	2.1379225398846	2.13406043413541	2.4584309161429	2.1028769834473	2.09505106201588	2.27846479460199
Oceanospirillum	2.90948524102231	2.91388654119532	3.16149453541463	2.97587256014262	2.9855473221192	3.01171366552541	2.93925735631182	3.09786578379034	3.49677492552801	2.94875370138151	3.00046607449076	2.88073077728933	2.90655292418536	3.05083699721725	2.9803429277648	3.40122518052727	3.17384003891162	2.92828029587209	2.9119145008588	3.2919582093785
Oscillospira guillermondii et rel.	5.21605452134211	5.63085479336013	5.40669188027337	4.66145448897823	4.70779754516946	3.45813067031734	5.49553448810807	3.97542397222239	5.26790418890316	4.43821074330739	4.20819185803961	5.09760068094204	3.41039626180634	3.3960304902861	3.51109720584298	3.72953381827109	5.35309851423806	4.31049567122572	4.17850954118316	5.53761321175375
Outgrouping clostridium cluster XIVa	4.71038685787372	4.6471868695584	4.90431166021155	4.97835955475493	4.74359463518975	4.45113391334737	5.21482157914293	5.04009328667123	4.56560950390122	5.08762261806675	4.73389143036145	4.96395843164435	4.84908403543529	3.48688062371813	4.3763949621985	3.60857195608379	4.94763051142704	4.67161754142937	4.26744912653709	5.07286321445759
Oxalobacter formigenes et rel.	3.70136227244966	3.81959619529555	3.72168611915195	3.62655413498754	3.16511371906255	3.22061583000147	3.52394770678113	4.13812132848676	3.80707431106876	3.5307623915631	3.65725983032232	3.29374851073345	2.74828981380707	2.80052791589041	2.93485377258996	2.89294957864548	3.38501113274645	3.11503692609835	2.84017445002521	3.51301278880567
Papillibacter cinnamivorans et rel.	4.66704147274715	3.8477817685131	4.5259804946058	4.04380787219443	4.35975728394867	3.61222358757728	4.51675626131772	3.4140018683973	4.1818534010966	4.354150232155	4.03392963000229	4.35245932561056	3.6698241812242	3.6058004462361	3.51817775297495	3.20490523125955	4.2300014204849	4.07437221180046	3.04507085162749	4.62109063841717
Parabacteroides distasonis et rel.	4.74938131121152	4.8674030149935	5.22092582662961	4.31933605674875	4.47724610126355	3.27582799310141	3.71168937712981	3.29976697215374	5.82956308716597	5.02382699488949	4.52823480068207	5.39518274180177	3.21960974647381	3.37173903482956	3.34076654186265	3.49442310984067	4.1195721154483	3.33877122777226	5.37001954784957	4.66565383727727
Peptococcus niger et rel.	3.70755021273325	3.65931586316147	3.65641350746858	3.43481889241273	3.14186121656875	2.88710054630995	4.31707087817503	3.44246450040804	3.17902159261127	3.85759059602087	4.04997182260609	2.8642014546359	2.84374981650672	2.80663300951858	2.91849731860618	3.06520610213133	4.07473338374843	3.32965394069665	2.83035756419766	3.65402334509061
Peptostreptococcus anaerobius et rel.	2.39108060249024	2.35162827279448	2.58972351693619	2.53137246128203	2.56945591152563	2.44272276830377	2.41052401281205	2.41341453189201	2.45281369183991	2.4728659363397	2.53623013768938	2.35277576722067	2.3487876229881	2.70519485561638	2.45580913171892	2.71320398169236	2.64932008638803	2.38659842305129	2.3717171515472	2.56904751915681
Peptostreptococcus micros et rel.	2.94763514927552	2.95836381325489	3.12140574073712	3.0217882186018	3.0437964012872	3.01875979341928	3.03270838959035	2.93279829587847	3.04620780773046	2.99089269353433	3.03430593894285	2.92515892178717	2.94369394602893	2.93545438325243	3.02536864452294	3.17859189765409	3.23791231685055	2.97979986315805	2.96479538467131	2.99469544134911
Phascolarctobacterium faecium et rel.	3.18215173734291	3.66406505921857	3.23529972340182	3.82766249000071	3.13268378837852	3.11055212266581	3.04045284577888	3.02396941800827	3.40205898888443	3.08494700058249	3.15500671844807	4.78711504542143	3.04624944157892	3.03056877450123	3.11106672256817	3.32624263983238	3.34299376924933	3.11748325079329	4.08274174599929	3.37807560864102
Prevotella melaninogenica et rel.	3.36332309919612	4.09713697202296	4.63658383173845	3.23498378783669	3.24417493662025	3.21462020221336	3.14340083278198	3.12643248412251	5.44992897965738	3.27769670575733	4.22789201526243	3.24684830818483	3.14543662751038	3.14021211271457	3.34155856879798	3.3805339313718	3.93280834185467	3.34983452054955	3.17935603204181	4.9011576037785
Prevotella oralis et rel.	3.88721974557927	3.46408788020417	4.37001792675185	3.36004839633629	3.26498358984909	2.83505008854847	3.20833230452245	2.81239265976086	4.7598115248517	4.6200681632972	3.85753944010368	4.86798343827396	2.78167350315034	2.83535732362423	2.88080732117602	3.022728615494	3.2805091617442	2.81578941422666	4.52585277001658	4.05066535583275
Prevotella ruminicola et rel.	3.97605711111393	3.33808142036045	4.44079559454058	3.55903229537331	3.53148374216254	2.77830127353398	3.23197081423563	2.81890590109608	5.03697541738766	4.54970839407876	3.85375710568423	4.798976540036	2.71264449015105	2.83902281505277	2.79605550531584	3.01238970207582	3.24074728418219	2.73884689279794	4.7984878899324	3.92127591236881
Prevotella tannerae et rel.	4.40948160150886	4.45447457906404	4.45485805610696	3.90039003428838	3.8962939330599	2.96069561636374	3.53910802264824	2.93898639733	5.27861917456638	4.96752988521247	4.11115786045213	5.15045352761552	2.9066620420176	3.09295305030083	3.01386100537251	3.1372943719422	3.93604807826949	2.96428062903657	4.93555457328579	4.68894587486988
Propionibacterium	2.79514016653233	2.69927409979686	3.05360615536186	2.92506690958335	2.90111345439026	2.74000654178754	3.11970229131808	2.68062447131646	3.02579402497912	3.22166570471888	2.82862027504506	3.19968847182169	2.66535197128142	2.65959924550184	2.77874431195452	3.05529059007286	2.99198580374643	2.74158672116379	2.72612279566443	2.9168399878667
Proteus et rel.	2.67663603281441	2.67333507541888	2.88022466657113	2.73791615935924	2.76170401508968	2.74072876692982	2.70240671743047	2.63508523406069	2.76150271007292	2.72210308289353	2.74959918644799	2.63497401049465	2.66048624537412	2.88870269998636	2.7557575866412	2.9883653415058	2.95746762821591	2.67312322591012	2.65881516391969	2.73239241141716
Pseudomonas	2.26685456338487	2.3108463547731	2.40459756897635	2.3052686172836	2.3476945256348	2.43130905349894	2.21846697549227	2.18683496806103	2.32950992087428	2.3432654504685	2.31540826585389	2.18749992506674	2.22487009813328	2.20181052030499	2.27974512469207	3.95225186705935	2.49962283469433	2.26495092514809	2.24247987269602	2.39695089943315
Roseburia intestinalis et rel.	5.30622308545612	3.97605468694851	4.71290904710467	4.33968748597037	4.91977673140357	3.83852933506665	5.13034201983374	4.69024882200525	5.19177202286781	5.07962512474212	4.35521836810771	5.01284046065939	3.97301979267818	3.12468819903885	4.13307778030083	3.50166381501721	4.58548198474791	5.0025447615028	4.45384604710282	5.38157765787195
Ruminococcus bromii et rel.	4.05855124225256	4.16522910974726	4.43590813950156	4.42117018801017	4.13213973455083	2.79366243577431	3.65738363699902	5.08433090585134	4.68087084963597	3.98668715216667	4.59565971805086	3.91545565985678	2.95353295249089	2.63996151290264	3.43996989216718	2.8900190103105	3.99998273169535	4.35343174290375	3.90426892986761	4.43130959016719
Ruminococcus callidus et rel.	4.93211450785919	4.47060008335579	4.54259399298731	4.31556601099074	5.21798857033029	3.61575478247173	4.76678105313394	4.05498047616725	4.13220937636028	5.19189021835996	4.82596743203691	4.23860270605871	3.78320044367591	3.23768989959164	3.55518535741824	3.41752635069408	5.08345359173223	3.56935590379495	3.75029444826534	4.63272686095149
Ruminococcus gnavus et rel.	5.09225081141415	3.92647439970204	4.71205678854183	4.94322638357314	5.21276825443526	4.78575923310432	5.09091285994581	4.89330349715611	4.24890871088926	5.00603365406826	5.05226158129593	5.02261171585792	4.71105447312752	3.74606113902579	4.25948543290124	3.27403358383564	4.55886299674585	4.97307240461007	4.59552211203371	4.8947565621112
Ruminococcus lactaris et rel.	4.56197388974028	3.71608120949071	4.47586960146076	4.37995889198369	4.22143604482554	3.83642407441699	4.75928108293664	4.42041004211557	4.37165560461849	4.89851449947975	4.79330063393766	4.46787205361266	3.88488500858647	2.84848092305871	3.20194337442659	3.1505984800752	4.23704861012979	4.31441285322891	3.60725891322148	4.45802401383253
Ruminococcus obeum et rel.	5.36034346091969	4.91726790675637	5.68725231285877	6.09485796989727	5.81038193878955	5.68853484841253	5.62696426333221	5.64186445619284	5.11057536270605	5.75684235916445	5.45961678040082	5.41259498377089	5.50870598272225	3.92648912923754	5.4454712880638	4.02353334844096	5.39696988555564	5.25181436697532	4.8012388668724	5.42093216677784
Serratia	1.15715988863647	1.50100196843605	1.38152547055943	1.25394506576278	1.2624722084264	1.71405322532433	1.23374583178593	1.02780753863316	1.1448002259922	1.48231724621509	1.32181420193499	1.06631332174869	1.13503568432073	1.30668240945242	1.15168869553287	3.63553273097683	1.33193487674184	1.20875217825614	1.1583894479745	1.11132239766191
Sporobacter termitidis et rel.	4.89705398736243	5.19215400348084	5.08823365640516	4.23189451024684	4.33971673884771	3.53054924305877	4.70547893807996	3.89171625209307	4.67792313610045	4.38829464388048	4.30404138056943	4.39019146862038	3.96356815976274	3.439629630214	3.71323424133819	3.62550588938412	4.75283558226227	4.53551395236622	3.82479995861646	5.12690543549014
Staphylococcus	2.44096187242155	2.40357157876409	2.70410218349826	2.52648879362971	2.50255182780774	2.52510863992758	2.45556687435104	2.41522355410409	2.50364171959003	2.53090403333248	2.88154365914652	2.39809144255263	2.39417809455336	2.40154316376369	2.52341489459787	3.70969666706168	2.77495672894697	2.43439224404367	2.42101974260957	2.50304007532109
Streptococcus bovis et rel.	4.57173417714275	3.75292649637727	4.74637136636383	4.75329076444246	5.23560166308965	5.14839479830265	5.52843131285614	5.25025859167651	3.64414861246875	5.42318293441624	4.57804153687332	4.36078211173002	4.35120283187179	5.3562430537424	5.37807402376556	4.30684184758636	4.31757875057455	4.21932791678161	3.94036991376689	4.74907354154983
Streptococcus intermedius et rel.	3.63850558921789	3.06018002119036	3.72783090095856	3.96292058266976	4.5166101734314	4.34840578182055	4.64044781883012	4.20218819924319	3.25908699875097	4.34418527707552	3.57507445377843	3.48956505488779	3.35436403592901	4.37637729697521	4.40535510801792	3.77850144547235	3.53047871275952	3.10097685526919	3.38754799964463	4.01093939601881
Streptococcus mitis et rel.	4.22508433263877	3.21781627836409	4.16618145008209	4.35853230724361	5.04683380444385	4.88465872162015	5.1967182266089	4.89689936307251	3.64670591844796	5.06447597008188	4.27148537348197	3.97533499139423	3.72137959026767	4.90133187511828	4.98261093186279	4.23888273221995	3.84464124567803	3.28695243285005	3.80064845656167	4.38618988187665
Subdoligranulum variable at rel.	5.49431182625222	4.22336970623693	5.34960504009026	5.57310045092658	4.80766247399589	3.45187524384766	5.66546995394815	4.24460690904518	4.76626847741473	4.27763313100323	4.93667548429669	5.62425282287819	4.65558055633118	3.31727623844458	4.96939559099459	3.54439186940434	5.58091016313857	5.08267177198661	3.79295535479931	5.32191520683836
Sutterella wadsworthia et rel.	3.85364262892702	3.74565643737049	3.83459517077357	3.56224791167216	3.60962106933644	3.34209486407955	3.51384300714539	3.44688176151897	4.39694226816959	4.13961009153004	3.89552110786166	3.66741331110905	3.34454014012739	3.70062901959098	3.34994817197441	3.37075660017585	3.585101958555	3.29360071451317	4.40291761159126	3.93267581518239
Tannerella et rel.	4.60618029750749	4.79520379638515	4.89061644707473	3.84860949818729	4.21809684398532	3.29305113543655	3.60660905197553	3.26883528443443	5.22512736282092	4.71123775497304	4.07737590694004	4.81853497644474	3.20032145669159	3.28262668900332	3.32025807221836	3.42373119881885	3.79045111681428	3.26422546341058	4.76552406328828	4.36704582029083
Uncultured Bacteroidetes	2.68501370880912	3.2350419462058	4.29790939325879	2.30388498722288	2.14244030902836	1.90092546543833	2.0057969049026	1.8395137461507	3.6589429423489	2.95212977443237	2.92695036524323	3.30122632173041	1.85241308260789	1.85803392359556	1.9847989743796	1.98934867176419	2.83699957617925	1.92123564967235	3.10011265066758	3.19106657619748
Uncultured Chroococcales	2.37665620522731	2.3617767964524	2.47242000638869	2.38054648968637	2.37466280816942	2.3373599847163	2.54488209998047	2.25307908861935	2.81016435818609	2.31441572226785	2.34857995185517	2.26558185785181	2.29006991706869	2.25458601561498	2.36154564635963	2.45368111046086	2.52623970742192	2.30445679019311	2.29638350493213	2.43129326796826
Uncultured Clostridiales I	4.73966948481508	5.63659863647359	5.06300737698279	3.62653360465625	3.7446021224765	3.62591710744544	4.63482339929871	3.52944326900531	4.17636925623849	3.59396055437242	3.63851559795315	3.54546809374886	3.55119246268582	3.53477778604107	3.62720541775226	3.85027177453366	5.12543639964543	4.22212643963473	3.56090371183926	4.91327413288163
Uncultured Clostridiales II	4.89199658022845	5.35770230623444	4.35604823850867	4.13291547535867	4.09921193144508	3.57723392942641	4.26017941534289	3.53359273478887	4.23035481547644	3.95796864410941	3.76727298136296	3.8209277246428	3.71870291729142	3.48687097196994	3.61780835573659	3.80047428915571	4.81065550114641	4.41310917864695	3.76262733509483	5.25282097303977
Uncultured Mollicutes	3.60461311533193	3.73275050206437	4.56188394226292	3.55300736211044	3.42462384676935	3.36511091098047	3.42687967725157	3.34828509108997	3.50368290287446	3.37386879057235	3.44176277750728	3.32929021682132	3.29516445980098	3.2762955499803	3.37103079391221	3.45276020628091	4.78780388457747	3.61898813200228	3.30700361786329	4.37738474891429
Uncultured Selenomonadaceae	1.09094512524521	1.10304216232635	1.2634600270877	1.15589769715105	1.38255278435497	1.15942228744781	3.12474273978888	1.07406607926502	1.96153907539671	1.47096997162033	1.19611613984141	1.0718985314788	1.10540118995655	1.08570489605759	1.13733181382583	1.45596980068268	1.37218764485175	1.17974818832888	1.10669675367465	1.1419862827114
Veillonella	2.58152174314711	2.37374315126238	2.68563986565104	2.42055674392659	3.41254338918596	2.57098341277342	2.36645743141433	2.4128148929957	2.80205709136265	3.3077939636126	2.49820094968529	2.78585959888326	2.34734745361272	4.62222477641482	3.63769272833854	3.0651417785766	2.71173051772239	2.46110072584762	3.24769292181553	2.66391934420373
Vibrio	2.75447328393049	2.7810395473466	2.88107323247871	2.79781554009053	2.69751143479459	2.8107547823556	3.00072968747805	2.61690159408441	2.74905044557008	2.78320719419627	2.74265244777965	2.66676061015329	2.68779574989331	2.73492940285011	2.69105931553491	3.71966581677016	2.92621275845643	2.69594858528816	2.59112789874349	2.85914638290216
Weissella et rel.	2.66241344994372	2.47024633841636	2.69890620289121	2.85852224052584	2.67131408611904	2.5557928021949	2.71001972716959	2.48597779169502	2.64942715530937	2.84651345487688	2.87570981427225	2.5514535995173	2.62765231162089	2.48608407923283	2.63174441718329	2.60116682840465	2.76285722037406	2.50945365473686	2.47982722596324	2.75843662209659
Wissella et rel.	2.14500045128939	1.75722144031495	1.95720453902981	1.95555120507163	1.9833601756418	1.89462180030623	1.96336077120948	1.73019669221698	1.88037309014274	2.25076320740671	2.10239349523455	1.91134730408884	1.77269637592505	1.77026995175179	1.81503449212856	1.8414248610905	2.10918342768594	1.80509019577285	1.78491513069461	2.24975589036162
Xanthomonadaceae	3.11422234683083	3.24208390671285	2.67556221567685	2.51236231428128	2.62291213722341	2.52554974061739	2.64215035826656	2.5427514576611	2.87534120234245	2.55519797864269	2.50080961489381	2.55821024269399	2.3994849689175	2.92158483808219	2.52916442608688	2.5247068125079	2.64490279117659	2.5122454450255	2.38310799665592	3.12551773280641
Yersinia et rel.	2.66070261371635	2.61127068066702	2.8477991559592	2.70401067517527	2.69673157731789	2.77899029383515	2.67898655787273	2.610927385876	2.72586047903691	2.7124485250894	2.81549916807715	2.63224857019209	2.60488504910169	3.27962867352036	2.7253291356502	3.00904286436892	2.89126340845015	2.63755547589974	2.62290815644565	2.8342677356434
