	Sample.1	Sample.2	Sample.3	Sample.4	Sample.5	Sample.6	Sample.7	Sample.8	Sample.9	Sample.10	Sample.11	Sample.12	Sample.13	Sample.14	Sample.15	Sample.16	Sample.17	Sample.18	Sample.19	Sample.20
Actinomycetaceae	95.0835433200247	89.7892183003229	162.884881232579	144.185943931232	118.109612001114	107.38104969026	225.777011924581	87.9717499811072	108.844892536395	134.661577322557	128.001769581579	87.1209897015947	99.8326759373628	94.6889648466023	2460.26600726558	117.557821665359	166.84772467629	100.062390138425	86.7892421389846	110.184836684401
Aerococcus	150.062707071756	137.631415162939	215.435135749272	197.382282611902	213.271746212592	174.058623146689	150.198607266863	162.349350698707	178.640340212502	219.485101236585	181.707850032356	154.367734642769	145.748358534712	423.255479239908	263.706409602047	229.996021045625	276.0706461735	152.070562817583	143.480160759899	211.570938220131
Aeromonas	283.408304083618	196.741306350994	341.674010855044	356.86927982383	307.621400414347	222.239534499725	263.836668855338	186.297722724906	243.062726997409	266.312357327131	252.555533086778	194.675184757776	455.506442935737	184.653860657625	366.644317652754	293.104533418127	386.68815134597	206.559821667712	195.769974831164	367.604030282726
Akkermansia	2700.11253454768	47245.6936644294	14498.8573252702	1871.60331495754	1205.66609695528	2113.80770689003	4275.0554267563	3993.65047908589	1940.84304989659	2318.206774415	1454.70134814264	4495.33347932856	1317.84512285552	857.415901966358	681.337383046194	847.68118520764	1617.37317012158	1098.63724909354	18312.937567829	1802.35018054964
Alcaligenes faecalis et rel.	241.820763695402	460.631930212427	285.485236383622	212.268335851829	209.981443732457	206.922484091396	166.669139090847	163.057295980575	349.744874336654	202.533947429893	1078.5350866843	178.521398186652	169.751824794162	172.723483503539	200.918271942494	190.057104813563	340.234847844052	187.234261209611	171.941645653998	214.475310044815
Allistipes et rel.	60434.4107714541	69698.6532286134	354450.465249805	16653.9670492299	22788.9937923867	2656.09234211417	7456.20386168016	2519.67003207168	289123.403173839	201907.724732565	83173.0511463618	162910.578852492	2266.28308392872	2955.06952989952	3038.85373233909	4660.95354001698	34411.2181711938	4127.36143221496	120182.741825831	53171.6793330726
Anaerobiospirillum	193.20008570261	186.356510232492	291.271272802467	228.963738218864	225.56117230665	246.867148719857	180.956754734463	182.544791189964	253.960106588757	221.944611174831	240.194338074752	184.546309188184	187.451081708926	2673.66711659093	221.446801082973	600.346811688847	355.771294267383	197.139044995435	196.372742927913	207.74559081431
Anaerofustis	547.393116537605	381.93113778752	819.262847732261	2691.70497869588	962.791073798151	578.004243877133	866.559179903944	572.267956069271	461.374983388065	967.474512079894	711.504330461403	383.281313047196	426.535017668145	277.084036440157	860.383712043653	401.855518399851	717.552760867465	281.919992722124	246.497415826082	975.981213950466
Anaerostipes caccae et rel.	34261.4314349365	24306.2987071667	170581.109995353	177937.186385184	27672.4809948057	175562.415019869	114212.394221138	105568.487217864	27361.2622567532	84017.8757235856	62068.1958663863	37741.9751332897	219180.797594892	1190.05816909553	104975.9255205	2074.90184434899	48351.7545303945	47093.283233252	54860.1359420458	92919.9160953778
Anaerotruncus colihominis et rel.	14297.2524263628	24820.5739262661	47973.8809041	12283.3909630572	15982.3113233599	2544.10979595779	30618.012611072	3372.09157149348	14209.8600233283	16129.2563420051	54755.7841824319	15497.9717891656	1849.99609640989	1694.05907740842	2629.21424345685	3143.80484339655	14770.8141179513	2905.00500877516	7757.08467014318	18476.3522478917
Anaerovorax odorimutans et rel.	8124.1074559011	26365.4639161542	54020.7523098415	40075.0225051344	6318.24273555149	1746.21727270495	20342.4578154275	3865.31913890838	2494.47460795229	5254.91843353232	24362.2975934045	8896.91528727433	1375.21135739101	1244.20094666607	2620.9276132189	1627.91640474486	30674.004274058	13717.7310269665	1820.80456156438	21835.6079180166
Aneurinibacillus	592.533261886058	335.046178026893	950.645307829451	3798.61730759562	879.834281886019	372.097180729638	1697.29569223239	259.330071191686	490.166653926647	698.054526884627	493.268841011138	478.364739135572	461.900018098793	219.275881205592	508.5925676063	617.146600292961	798.448574401021	302.470817221341	271.607660283255	2816.0022885424
Aquabacterium	315.423001105176	195.844273456465	205.536222909264	128.073033753854	119.770006783969	121.048437241242	106.599894937611	100.58353929639	304.903532195538	133.025930486048	129.747411906848	467.896518228379	100.137714696577	131.985486381888	133.456723996505	122.04693236941	200.753381520566	106.960303723857	98.9420129171212	416.326206074426
Asteroleplasma et rel.	236.317708124043	230.396420262539	348.244280629466	286.154130241807	278.497537569574	270.260699034912	226.401178914725	218.042882944856	292.13336619623	251.663507399221	278.068853860483	221.36231115314	231.711403822594	217.239925485779	265.575826856532	318.333917338005	421.954833417707	234.356245620578	233.288567691694	265.003613947636
Atopobium	363.688984829974	507.810733665421	671.971771115063	733.918182227607	409.781328986829	359.97379769641	1516.34193823443	295.634338804423	391.624359342672	325.358058434686	557.05639223996	288.860094283464	2857.74073551876	397.443107424648	375.471115969121	458.552174443905	752.288799452213	382.077503313132	310.67040043354	612.256426844558
Bacillus	613.900322199039	433.737883358195	788.107555445824	780.058654678077	600.181721886479	532.972459022646	561.621754000205	513.182182882516	545.573751317509	613.339341229529	580.688095725157	522.022348341568	574.797869524134	571.654707599699	761.53871237072	2286.16569529553	865.901118994038	442.465179342435	416.893528538736	845.068761135363
Bacteroides fragilis et rel.	12648.3602683604	52367.5973805208	19358.5035651043	32945.5510868392	28996.4646964464	1303.03212904198	3124.56860916121	1719.90318412106	98390.7614861357	48593.2642734524	9992.80256296358	125931.929342227	1082.87453029788	1732.82445403175	1382.27522545066	2292.04185783661	3563.42735658954	1252.20244151726	96705.0871623995	11441.4824046657
Bacteroides intestinalis et rel.	11674.4876689947	13247.6264815618	16939.6562247707	5138.62070816676	4403.42311763926	369.705147777746	2983.58285187897	375.925650237363	74419.5967183826	61220.8161615886	6404.49742792079	73345.2294860514	340.541326249448	638.832287420453	439.876416663998	637.687318831335	1897.07867301207	432.40742608272	39161.9699376701	18456.7278417166
Bacteroides ovatus et rel.	23850.7428594859	16145.6010618195	48751.3876034482	17610.7677106845	3624.26252586877	1387.68950997373	4448.86330244851	1787.10045320738	134441.587560116	76809.0772672186	17542.6916608741	201423.536783988	1122.41989992798	2498.59800485943	1377.79119942967	2311.31031890175	8515.34992861605	1326.44879487143	274613.994040032	15716.4584181835
Bacteroides plebeius et rel.	29682.2377264629	12744.7278366041	116773.377132405	6040.20540725134	7904.42319375711	818.544097604315	4089.11265209659	720.465077333836	94728.2039805305	97870.0836857677	45083.9010190963	146265.572434083	740.977779706341	1337.25246268564	914.175292372201	1783.04666721289	11418.401651105	957.790500972888	135430.516181954	25621.6165037605
Bacteroides splachnicus et rel.	20726.3222747894	54007.0834900678	133796.18845462	8116.36998352854	6438.62421432757	2321.99427376038	4623.73227172181	3756.09163531339	194974.052527809	78675.5576589986	18908.2251598193	152023.534746441	1778.96204017597	7446.22064978931	2346.04010542785	3361.63125760049	8686.15023284335	2323.20900449942	92085.2929063566	35009.1325202444
Bacteroides stercoris et rel.	55831.8420473481	11228.5526651359	103712.282507206	4440.11875435583	21427.2568013377	850.591404234097	4267.23478282924	1962.26863900206	282610.371596078	48921.5513564101	121185.029017472	95287.6342205547	729.595989356747	1113.22223324618	887.478016485394	993.725606824229	8097.18365063326	996.88369583835	16468.5494099359	33064.1205007304
Bacteroides uniformis et rel.	28303.8153386612	24285.4030552668	112348.124036262	13624.6854076763	28995.3025237724	311.533427685929	3390.02031695231	427.341625733928	87096.8519074635	116461.418920853	36865.0403182422	173618.560027286	296.611353967104	616.161591001294	349.140937705592	556.976770942309	8088.9395073063	418.315017190775	81081.6410447221	15100.8540122483
Bacteroides vulgatus et rel.	31235.8823319611	6916.88762098097	46393.468131522	21140.1731718835	32520.7696608327	516.665252235741	4278.27879928236	578.234927940397	132416.051431569	147652.039088081	13687.1094062257	229103.099910009	576.016802276465	3709.51626425626	824.326793395351	1451.69520397539	9281.07583733865	728.837598318336	122058.905901426	68336.6514064628
Bifidobacterium	121680.664941431	236919.198998157	94717.1189462948	2585.45183568602	15720.6490008835	172927.607061462	536048.30390008	579090.592734846	3040.51047400377	76378.4405530539	25105.1239287283	147591.109838646	134452.736459985	611305.023447169	291752.911927342	52817.3770431163	44025.2095664626	109503.968755901	106420.960359981	357937.257730496
Bilophila et rel.	413.624037521674	429.622736536604	796.605593573625	483.181401500291	471.837547528538	448.062495273194	381.555110655772	364.134495366413	473.07339485355	428.432258005816	470.587146396782	599.070123984033	378.023147013731	386.656388146557	477.348416476461	1223.11213849579	711.488522168161	429.390129950902	423.34005737058	566.476369863083
Brachyspira	331.405619093438	370.448988242104	507.336800891353	387.583515983392	412.33809619515	398.043181887562	322.632552845912	317.836805022989	424.884965753504	360.154878083489	418.32818453592	318.516166930457	335.069348573261	333.689084049463	395.151599111825	416.893573695413	678.859445353747	365.748651156362	342.687751604517	360.253712348449
Bryantella formatexigens et rel.	63508.7277418106	19565.4093747564	102132.524519269	127142.206206926	52560.6683472283	59563.1264652209	129870.613613685	30259.1910959461	43044.7133351314	168691.998004212	54596.4202868818	125865.916581566	16880.8748677725	7463.33128223137	27278.4733948249	6799.83978116329	62612.0777476017	84722.3589469239	11594.4185057051	188977.750831806
Bulleidia moorei et rel.	789.189440868975	852.742207279731	1460.71955823082	1161.69785349143	1038.89737723584	890.977583150959	1094.77800759348	867.947246575698	972.983594854755	957.413760088057	2920.08068151279	2740.71015515478	702.632088953291	2111.8690566083	1028.60825222209	969.14764400068	1418.06638715231	790.207790809051	1577.38616797168	1562.2891184207
Burkholderia	1668.50239328374	945.63109257751	240.356081925139	166.190425261124	164.081477570334	180.641289574068	132.711746448639	186.858567703835	571.078272738367	315.465918886836	176.492256957568	209.705118928903	124.136706509437	743.587325928183	155.10155163357	167.7192217099	227.065637741509	166.488136163987	140.092969173727	300.057523550474
Butyrivibrio crossotus et rel.	82068.1037331833	21134.2000992308	67880.6829974908	18264.8787793902	54202.2254156022	7066.68649006547	70072.1221630175	24404.5404504027	56340.9043879187	65417.3216933087	18492.8204804905	168096.419758222	4730.85515452619	9160.75956431618	16352.1828248982	5773.44985861267	69136.1489492523	45307.382817357	5273.15165091176	87854.0398039996
Campylobacter	791.808900552446	755.151614673579	1140.88046511721	931.958128831968	952.759771186893	889.518544101547	753.968539718361	733.902520501382	985.028055520662	859.194545347971	935.251619991624	737.698324537537	757.861717226604	795.655100275565	887.441275504512	1340.52176657998	1464.29245932795	794.625471520557	789.912305744562	821.808851734901
Catenibacterium mitsuokai et rel.	212.591214973434	201.266358675776	596.914541158682	245.423014270005	251.936746242094	1498.03938947174	1016.38487191194	207.145423628691	254.971109599219	385.021397917798	3794.83939946043	534.313274379353	317.356181894397	181.645048902973	218.253859376725	517.830456263558	367.085660057867	291.781287747078	186.547355004214	291.23165937977
Clostridia	5300.7495447466	55970.0835242291	9102.38373266779	4544.28644775399	4433.70987422146	6318.78281273448	6404.37343493763	127589.924339347	4406.48911255011	5831.02525955312	8518.8620800753	3276.21278480036	4624.40631307312	5525.20216420725	60012.4986983881	9787.59873119076	16144.5370559009	8338.81866989246	3600.24991766954	30816.9981310657
Clostridium cellulosi et rel.	57250.3652728933	148246.271244821	172315.24664525	41261.6033166404	76463.1354596359	2649.74723786423	36153.476367323	12544.4146689858	13538.2059197509	47628.8555644995	101138.604060578	32885.1672023626	7131.05582110511	3450.44378490205	14057.647147364	3464.08320940084	147481.531248474	57801.8928965201	5871.88968527797	92620.1996981697
Clostridium colinum et rel.	13912.7938093788	2646.90212490043	20705.6898939091	7535.22116923807	12213.1934133176	2534.0856322582	12780.5200521457	1921.21068312754	35269.4888515157	23752.7168249735	39020.5752250975	15014.7735290283	3381.16510035888	2023.31113635331	1267.96913720893	1258.76067262234	13941.7481597125	18661.9126603125	28729.6411724201	25110.1536846123
Clostridium difficile et rel.	4163.09481378146	2056.12500986437	50702.6445876485	3737.63796201786	3106.09284445327	5363.51871501809	21956.5266757647	101952.881447459	2599.10110751916	16360.7636394778	18556.2102947605	3197.40141771654	7007.71656830733	1823.83928391164	16372.1088364269	2779.73112251372	39763.7940543791	14022.9522690876	3579.4706124845	46501.4801625251
Clostridium felsineum et rel.	216.7976754687	193.298995149101	495.447263507063	232.215427217038	226.039806816918	221.330045873955	358.575489997931	1080.6284424205	240.424925762896	242.548808956848	603.887396809098	175.296233287111	198.646376249205	185.57632630064	483.561816836182	289.272312668131	563.876021240279	344.457352135955	190.493522040423	1954.83902628772
Clostridium leptum et rel.	26668.4823902554	29540.26060316	56895.4141205199	27465.3608032873	18625.7040548255	1679.35925940337	46487.4279722839	17130.7354643844	21824.8341133311	176442.517947687	27083.661524391	11777.8995394518	9054.92163216003	1904.25125967672	10668.2445433354	2319.16960481737	45150.8281174199	8053.45876638441	12480.1909396696	30658.782025489
Clostridium nexile et rel.	97414.7189390615	39585.2771531528	198314.858578196	37879.1469919746	74256.5175641605	74210.9147719837	252901.054564257	154549.617149367	81255.7822853476	205355.757273361	167457.175241159	76613.3377872669	141920.863882266	1116.29577005359	14578.7229808059	1073.01533743683	52678.1246563954	112407.0112156	12061.9209506249	151591.556534277
Clostridium orbiscindens et rel.	93697.7105482492	44137.6680167635	186279.630325332	88985.2674933106	64868.5900030881	7976.86779625692	145480.273415814	81192.8014635593	105723.098604463	88161.2255327602	75975.5883284162	99075.858036482	10888.7538416396	8551.22222590994	14766.3334432874	5753.82345361188	69351.0656028495	38100.1769261973	45118.9171535218	70546.6912962241
Clostridium ramosum et rel.	1029.80349519631	791.237598927368	7984.97134991304	5161.84959395559	1397.55033661275	16008.1066790108	10107.463310503	3345.44141101468	1023.25892089464	3914.30370776467	1092.5737376837	2750.49216667943	2359.14196946743	652.161187654592	18684.4557978124	919.203057069119	1435.40446601236	2339.80368927083	11908.0565863248	1224.8876370185
Clostridium sphenoides et rel.	124455.807135626	56135.3143239105	56238.5838926764	59264.8000569343	60533.365641325	27439.7893261377	88989.3671547334	19602.6651910966	36806.4495324639	208860.182649501	59864.5077579706	118215.536988856	20245.9185760332	3643.08563575	14521.8466759192	4736.11500664431	44620.9115931258	58904.1935358876	70395.0786219036	95318.9530732339
Clostridium stercorarium et rel.	93560.3918412874	9382.50555674548	25708.3372253594	38953.5764507775	59089.1015297493	1260.60605850324	45340.9752643895	39457.699717067	3355.43712251375	22542.9312745186	13613.4420354488	10744.8814089248	100636.250934326	1018.28594108876	88022.7859957184	1430.11110560388	10025.1874210852	12337.1011790204	5775.61640372377	54757.5972535539
Clostridium symbiosum et rel.	134132.799956473	35814.3716906184	169439.959341224	205014.075841494	179947.284054317	60598.5556184912	125217.919292702	88235.8308015665	124904.30447415	157107.573034224	93726.216940196	143415.928790446	70620.2099961001	10826.2967898368	68292.6317180577	10086.3458059513	102952.553898059	52493.8814101926	162935.908920068	172375.404513579
Clostridium thermocellum et rel.	247.058995662267	233.196042624354	358.684513464555	281.592007210755	280.729580111027	273.759824286282	228.968772619398	215.273064760327	274.298174627109	251.161254965917	280.218531543939	217.05203060239	225.154158117591	221.165639341371	273.147075120427	341.913628745319	426.008201064166	247.147110557319	234.914564260657	268.749160236764
Collinsella	11016.4337270827	28753.7226298408	2685.57947802026	45737.3978291221	5867.0531132942	1372.39474474942	137302.301923535	994.194921302154	1768.41104914757	6412.96968535111	78328.754148817	1667.79816842803	102900.455772423	1104.31500889521	1447.99883249226	2149.89018642309	9999.4281857938	46274.0648688014	1079.12406179409	41540.9495107685
Coprobacillus catenaformis et rel.	1754.16671606841	1067.18046204683	21545.7310071605	1340.00165774695	2798.94241921481	59526.3505311913	23622.4516079216	2407.81952897361	1439.29179839718	8721.71369918431	1761.3233153885	13416.99679629	7036.23540668495	755.607253405508	3044.57290002367	1370.2044185492	2117.75221746305	5751.20967769681	2655.81619957645	2778.13304683685
Coprococcus eutactus et rel.	181508.680810953	23586.1322685738	75729.1710341346	123342.440674235	64389.7160080202	76975.7589151901	97025.1727379753	65687.1169173226	23927.6208180926	92313.2041045686	56741.7787676457	52722.192398128	32604.7351108511	8900.49737779467	47228.0002504696	5286.59963174282	101564.662727708	41090.1364738637	5415.78023432423	189577.941999579
Corynebacterium	327.566009033726	380.06117541955	501.4429450458	378.366032428063	378.769340444172	355.531791683519	435.446881659604	319.042339653368	384.043839528826	343.739815244373	373.611726548129	294.863230289941	306.494492662476	336.291372382987	371.732460137733	766.570197537619	612.460048887504	314.987163151446	306.609087382879	431.565336898128
Desulfovibrio et rel.	937.33372182489	1287.39164494933	1101.99639649076	796.211185229449	835.785900848177	761.6274482763	670.050935691067	616.534283287499	844.716760631859	745.569769344436	788.397866551251	620.644999713101	646.01412170603	665.860671625197	799.53498445038	1190.2823749468	1416.32590121047	740.435880056897	662.254974458189	830.631622019772
Dialister	43399.6322538461	2288.20106399178	2181.65854023991	483.097882738926	8366.6133674398	477.413910525507	655.079556165859	453.654113249963	38950.3352597184	6035.96207583915	6545.58141193704	432.268083041272	407.920218624692	589.471504908698	502.38217450326	556.030635180515	1065.84907461911	2086.22301511398	419.755594128984	1648.77611767264
Dorea formicigenerans et rel.	131179.289083416	72297.606482785	343719.08436712	225784.254591488	120427.09273642	151597.615704042	414060.72467095	97162.400300553	110112.285040557	297319.842737097	179304.708611855	202016.82328142	106928.519643141	17383.3067324132	105337.278670797	5320.85833296672	153349.534544375	163522.209190554	41508.0854395574	228495.642090345
Eggerthella lenta et rel.	2415.26522592654	1556.36066516491	2412.586649007	6280.11602196569	2175.80273402213	6278.8263261303	3250.16132066884	18324.0652105686	1597.74070181577	1213.99659009203	2793.10270055803	1594.30717024883	7912.36412544176	759.24410643711	4303.29515585721	1549.54971501846	4741.00349225437	1311.60748558862	1286.37123937758	2661.38714550957
Enterobacter aerogenes et rel.	591.851526364364	446.56047863302	688.220334625631	432.444718355717	436.420471806883	1015.35509989548	1461.98184012561	1572.64602627166	487.184215372061	1406.57953578524	621.096477949488	704.9850368072	502.680590893873	5092.11109727075	530.414092738937	751.453395096379	667.879170585285	451.936121629106	366.47177884163	1826.6966378134
Enterococcus	827.27222398496	770.060863073272	1474.76285210824	1005.35332970748	1456.88305504273	2306.35848878953	846.530859821883	5901.86404953752	1003.39645279902	986.714844450981	1014.39488645959	778.917441682705	936.221019182953	35473.6825601687	10300.9545424889	3070.32115106902	2165.32231396671	870.682723307156	794.56379908427	1013.04535020169
Escherichia coli et rel.	1137.40443948392	1470.26891622597	1747.57710953717	1749.52237877985	1322.73206057027	3278.96600997355	1099.01908232066	1066.73928662249	1325.60648099553	1355.58080686788	2130.78760553516	1674.38371401954	1112.99839499412	79993.0957197646	1962.16222677841	28026.6622835612	2014.86103455252	1157.35908592027	1164.04344566924	1433.39043092703
Eubacterium biforme et rel.	1257.87746824011	2558.63036493112	1857.14496642242	1222.00986016301	1925.04038722178	639.524046867217	629.909033863631	547.161233803211	2587.14298520422	2132.7765497204	41373.0122088022	31280.3277086769	549.200185919906	547.902138753058	672.849599624573	949.77681077964	1639.65827589325	695.034781759482	581.598999612441	6349.61623478961
Eubacterium cylindroides et rel.	693.846075702335	664.236963791238	6145.49725262675	1301.97135681438	859.898872635155	4731.20346374476	1480.4582199044	1406.13868648056	829.433976458222	3307.01192532902	902.145877055557	1018.68347561459	680.508317098928	642.416691207545	855.522828025718	860.145165120183	1290.92853998027	702.063222186096	2747.09782303367	764.440874080239
Eubacterium hallii et rel.	29587.9447076941	10920.1928883313	194419.664479271	25389.8584557385	177468.498906837	12014.0369166722	157404.936940905	290143.260756187	13376.4171285277	121405.441035229	93496.4912720805	48647.7487740232	301596.079867175	597.134979186656	7006.99155574927	771.355008472393	47194.4129928649	105317.803344505	3072.29704118959	84265.1696266628
Eubacterium limosum et rel.	1247.81794511233	824.66308290594	1399.52490116487	1638.29573723816	971.709695273651	887.888296635152	984.393926000776	833.850047124579	948.027972261575	998.024763679893	929.498646210083	909.382498719531	1101.7222909614	788.75201978052	1011.18195267792	1206.60395467661	1751.19393998256	765.334133078869	726.993321431711	1470.51044107073
Eubacterium rectale et rel.	153457.644745351	20735.8239615156	155618.253190681	23688.2518595674	29675.7611810072	51205.0639066854	119336.679134172	93967.9035752939	144829.588643901	188931.339951896	91052.0872336137	171641.878373128	83822.9590661686	1910.98604705706	6928.50457906702	2467.57344570841	69525.0984138928	168028.186824336	118005.369233151	167697.669741154
Eubacterium siraeum et rel.	19681.4813236849	98989.2600288768	18058.8674205403	7344.70287336994	18572.5218698494	14460.412883241	28576.148497005	1148.0439716019	4051.3687635318	11241.577115953	17783.8240058628	9774.42822731427	1010.67154495389	3887.45930641811	1272.25428961115	2522.28130453467	8884.97744991871	1388.86470986363	1042.76671934239	21487.7810385599
Eubacterium ventriosum et rel.	74624.5298881291	9508.99469536734	144156.374674112	11352.7692121577	28724.6219313826	8495.23138381315	76456.0567408191	81642.0901451973	40042.5789824361	71321.8651593353	32916.7646811517	68340.3053060819	74032.5630685061	661.92143675623	5401.12717377252	943.728051485449	19943.0249644365	56980.2563020543	8148.09118578253	76488.6295960451
Faecalibacterium prausnitzii et rel.	650674.605389283	51051.8644647028	456287.984706304	389944.754703687	525042.399996844	13601.3137480288	367910.944228407	20551.4492452765	582265.255049371	745654.827945517	470681.717329727	514153.696126091	106494.211369245	4132.44635372494	10555.3741732762	4981.02720335026	778669.870093363	72865.7326539451	79442.129153917	753626.974717162
Fusobacteria	684.525758505677	674.522195867586	1053.1376117783	811.110428413655	827.476295377442	804.811878052067	662.79125881908	653.562406762157	843.259310701534	757.735935097574	1000.52534727919	653.602542349892	673.084000417311	643.330976686234	818.497374810844	1049.54479245811	1292.64497107567	695.224888443468	692.507022716254	762.021198206109
Gemella	303.401013240092	297.714572203385	472.600942407631	398.567195884613	471.88823421079	380.282154559928	323.899466342491	367.678136181495	383.248172203711	491.69477463777	387.294811235522	320.950943374917	318.508109466166	533.277248767905	414.33278278914	678.666916598874	582.304837242612	338.446377321472	330.231067500366	339.032739985355
Granulicatella	98.173140569066	81.9753850371625	134.347184926461	135.246162622274	285.084930829178	132.214240437343	98.2397753937824	137.687846173116	105.799690005554	171.86227410354	121.522736088817	108.992031497385	93.333987923261	1005.31217245348	340.392498550067	194.671919283228	169.960072410425	93.1978292745615	87.8434583817006	150.906890875917
Haemophilus	118.572568273718	152.73723321407	198.630710218986	142.618346949271	148.20550012222	213.330125875756	123.658631265053	107.799794912446	143.908547271027	224.232485525691	149.674304788262	109.47385548462	118.12098847335	370.587911354791	139.206720060209	8905.07606803814	225.106042292352	136.324895144601	136.57953899357	123.612168832927
Helicobacter	514.398945336327	523.38895645024	776.555206109044	614.439585574438	638.692609511447	597.970077452575	506.832471830651	483.674230928343	624.762308661239	565.506691732674	620.232832908345	494.545117637489	498.752223836464	575.822447989288	608.98246760681	1047.75835915209	956.994480302985	529.110340935611	520.906232184306	563.126637048073
Klebisiella pneumoniae et rel.	460.868046147112	556.924037856924	604.037217621653	465.176024453716	433.905102293232	844.266270942513	786.05821540573	708.951490783078	458.833655900765	689.93457046006	866.562568056212	485.609641975125	403.249382663397	4301.93274584476	495.960924996684	15332.6131982624	652.144640969388	392.257786178257	365.32483426163	1152.64742856748
Lachnobacillus bovis et rel.	184935.576538916	11312.5185240459	103264.528740329	15815.2853202185	35380.3108911878	6756.2692397336	63832.635523126	55427.0475421848	210722.469523842	82837.6923435183	17351.3915127359	78470.6599551036	19245.7125489952	1320.22829993157	3480.58406429169	1576.26109756366	92328.4632426712	43395.0776484775	9939.72449743708	82150.8827916432
Lachnospira pectinoschiza et rel.	130020.29284778	34123.4158815623	139822.135604592	95326.1763430902	65453.1931694061	55779.7268265266	114946.262777418	101047.875062725	60557.820843886	140362.10768742	110153.013522375	235490.139473126	118437.730201318	2930.08053039369	31454.8460743864	4546.01592366838	71196.4242304271	184196.286021028	89828.4097572064	376857.721570912
Lactobacillus catenaformis et rel.	37.6297792721455	37.2758956779855	57.1377398935757	45.6130139585545	43.7984075078973	44.6224301371845	35.986614777849	36.3130109941581	45.5652865435811	40.5466961550131	50.1107666439231	35.858370879787	35.544279087189	37.2479264488559	46.8334216931436	42.9828466240393	70.8345576730974	40.3125387025337	37.557328619182	39.8346669196406
Lactobacillus gasseri et rel.	2649.53211844606	1843.39087732331	3426.76324280987	2299.61059740685	53148.9250149145	1759.31152202085	2871.1035128594	1570.98394372502	2357.20917580811	7196.12633740443	2616.62556474385	1928.95745346636	1631.2172164263	1689.72115236024	2217.52674962915	3348.26659632393	8576.67638699603	1763.78523123814	1517.88254890505	4159.76423315229
Lactobacillus plantarum et rel.	1849.53537844461	1733.57985193724	2707.12174763808	2212.85742267592	23552.1311258635	2034.25717490244	6071.55578477247	1690.14972225086	2169.97138332477	2350.66480324297	2642.46333616924	1694.23382797626	1745.11220601	1697.61035242364	2905.94352763073	2879.56323375694	4005.00899138107	1850.46764423544	1769.40419071562	2385.11611052102
Lactobacillus salivarius et rel.	385.121902430419	356.626066768158	561.885614287017	460.935778016146	3727.83197036992	431.872245894913	381.289289504385	440.377308740322	452.902656044515	418.743406703071	499.770943237736	349.310778093248	417.194330234386	884.831992440855	632.626986902305	500.395358807183	706.089381407025	381.011939199985	358.910438474564	519.305265514229
Lactococcus	748.621806317272	506.367399234445	792.270138287349	5871.09228419111	831.018039374106	623.580414491421	658.132890374274	532.210922691778	623.907935798149	630.001857373649	796.086575952411	571.894192791224	517.916827766666	1295.44709127579	605.387910318769	742.734982232823	1023.19827797487	567.842573103997	663.197459867168	569.990137392916
Leminorella	129.734490010333	101.728186518659	388.952540179071	125.541088909575	131.453328307932	124.454587686801	108.283300059365	96.8332391217389	302.006964569493	207.357045265292	132.461895848516	182.375891032491	100.194913970442	126.159872244231	123.595321729419	136.32011858536	220.465436225584	102.698213013884	130.481410855285	132.507888141326
Megamonas hypermegale et rel.	307.213777825803	297.890357149	443.626398177041	354.892998735065	369.240817584475	343.383598113401	287.325173701886	285.698006899269	423.817637030454	322.332376105401	381.834328021762	293.900144611117	295.73528426105	285.242306455255	351.667194715427	398.682218690538	582.197302722915	320.424197042058	315.594009272532	323.670798627594
Megasphaera elsdenii et rel.	582.37664655616	526.775704228212	37993.9218018402	628.715560389302	658.301211841859	582.227545185419	107179.308038028	488.578903619875	858.224479424244	684.045560581012	814.66104440245	1102.5346703139	512.810152378238	9693.36268081137	610.677597305529	793.519821163787	1177.81275926777	535.550562528908	534.736687407948	631.320307838675
Methylobacterium	82.1865183978805	72.5067390825474	118.852709734772	92.1618451719228	93.8905605166534	89.0023630698215	73.0537464667719	72.7991601551359	93.3361804785802	85.3680663323158	90.4738045958523	71.6622786424778	75.760007214213	73.0431973969754	93.6167025470953	83.2628215038005	143.253474606175	80.620587763034	81.9170415552381	86.9569153085086
Micrococcaceae	193.136820392436	186.731611824631	291.664647398924	232.4316190727	260.234347684626	230.653742368115	193.557981952539	195.258480644741	239.30386344441	213.033291986021	260.541843272875	182.379999973752	187.830806062486	259.831098161737	290.042912124865	678.007657031221	378.684085742776	192.94063244213	190.863102799629	220.659072384445
Mitsuokella multiacida et rel.	407.779491715306	352.648382605132	518.590451034281	423.431949690406	406.36025582607	385.026937753078	343.262889740248	322.986797938142	698.845709900247	355.504722294656	417.283392638401	318.088208660816	335.444753799466	325.622262184087	392.308094127066	548.460029891929	652.535807795373	346.006008407994	344.502156253109	28278.3772377977
Moraxellaceae	309.413437940248	338.1730607455	449.63400750144	356.327903299529	379.692422223191	352.144678841628	294.794767599969	285.724642541368	370.859449808974	330.912749157513	366.833922873665	286.15052025277	299.966444059465	293.030402295541	351.839061902886	495.601583372131	580.282624639018	317.587585941683	307.267919539461	340.909207191355
Novosphingobium	137.936918349525	140.127269395036	293.004891240945	155.954741071378	235.862919602473	142.441948913245	127.306829307239	116.811937635063	203.051826723848	151.470843247879	152.649187680999	123.66560429747	131.471845703428	115.781762325988	137.379692479131	136.163414712795	287.363044466734	126.729284660855	124.466094372689	189.873691774555
Oceanospirillum	811.867658117091	820.137256668848	1450.42252399813	945.959537212462	967.2691176524	1027.33874060697	869.475514635542	1252.75395871143	3138.8815371106	888.6969739529	1001.07375223424	759.85509050747	806.404465783272	1124.18295768345	955.746965407704	2518.98267499592	1492.2446787904	847.77439552504	816.421627387817	1958.65618988196
Oscillospira guillermondii et rel.	164457.817064817	427419.954121132	255089.087514463	45862.1582948239	51026.7073588997	2871.64447107878	312992.901500286	9449.82948840945	185312.275496844	27429.0485568636	16150.718886901	125198.948365145	2572.74215035026	2489.03205832347	3244.12220699915	5364.55643318125	225475.061595095	20440.6956190091	15083.757482657	344836.486728391
Outgrouping clostridium cluster XIVa	51331.8430686013	44379.9562287489	80225.3573407504	95139.21303913	55410.8274067515	28257.511521405	163991.590943696	109671.374550351	36779.811905964	122355.252631163	54186.5412083353	92036.1475436703	70645.4239043908	3068.17850982709	23790.0284936689	4060.42932904359	88640.1559421219	46948.0481613841	18511.8203315696	118266.900321438
Oxalobacter formigenes et rel.	5027.61800015985	6600.79424248223	5268.48950369678	4232.08259514217	1462.56009249063	1661.94187257753	3341.54802162187	13744.2589359671	6413.19301777872	3394.39509790979	4542.13282746619	1966.74706497561	560.131264133165	631.724784438668	860.703903479202	781.537063290468	2426.67229983586	1303.27758554849	692.10892557487	3258.46296158702
Papillibacter cinnamivorans et rel.	46455.9636008409	7043.39052071694	33572.2535655202	11061.3433226701	22895.8770326956	4094.71413405524	32866.7121566325	2594.19052267538	15200.3434572603	22602.1749468602	10812.5873760588	22514.3454596963	4675.45822796243	4034.59964743352	3297.44646193426	1602.8955797289	16982.492070647	11867.8544611186	1109.35578291192	41791.7578059314
Parabacteroides distasonis et rel.	56154.0793318915	73689.0597331867	166312.857955596	20861.0448482168	30008.6253334277	1887.24373831906	5148.60266472205	1994.19201133178	675403.15834198	105639.660030168	33746.9711856917	248417.817429554	1658.09628582967	2353.63457279624	2191.62649397849	3121.92963171744	13169.5857811436	2181.58042340087	234433.43328097	46307.7667684697
Peptococcus niger et rel.	5099.76557192383	4563.68713068039	4533.29005409303	2721.56613578356	1386.31274706356	771.08196654865	20752.5217726076	2769.90261576756	1510.15523544127	7204.28020485509	11219.4565915563	731.478313040866	697.83029002031	640.667966170856	828.890798571599	1161.99993064036	11877.7282198417	2136.25917360523	676.639838580972	4508.40938419906
Peptostreptococcus anaerobius et rel.	246.082427621679	224.713038822428	388.797547646717	339.916668241871	371.070057489625	277.155032188282	257.349905322615	259.0684530708	283.670184954244	297.074884085062	343.740051491311	225.307561492677	223.248023698103	507.218231663849	285.633493553022	516.65897937058	445.984829776158	243.55577016446	235.351598056339	370.72128273781
Peptostreptococcus micros et rel.	886.411025390164	908.581340026667	1322.53063484384	1051.44901525743	1106.10511661432	1044.14254831879	1078.22249822673	856.639894218764	1112.26381262477	979.248000697681	1082.19603632473	841.703090499261	878.403274424615	861.895043561537	1060.15323893448	1508.66181287832	1729.46714815627	954.552596162613	922.136865351252	987.860092863914
Phascolarctobacterium faecium et rel.	1521.07888383052	4613.86687133335	1719.09439131706	6724.5385868014	1357.324812866	1289.88835697682	1097.62210771981	1056.7430932407	2523.82355239542	1216.0375916303	1428.91606338352	61251.2625977243	1112.37044543887	1072.9235416338	1291.4176645395	2119.54499188085	2202.89485826075	1310.63949464777	12098.7846317432	2388.2270258942
Prevotella melaninogenica et rel.	2308.46396271365	12506.5341127458	43309.5660000058	1717.84425903105	1754.58711853277	1639.15567717104	1391.2360823929	1337.92720341362	281792.207770931	1895.38179855441	16900.2066581926	1765.42108086117	1397.77293664524	1381.05861940018	2195.62703064809	2401.78391162226	8566.59709997888	2237.86827999109	1511.31861649561	79644.8325980186
Prevotella oralis et rel.	7712.93631733026	2911.30616606798	23443.2558209304	2291.12295368372	1840.70244779768	683.990529511418	1615.59427121432	649.22115022284	57519.0262055635	41693.4817001933	7203.43165652584	73787.6090847599	604.885958508953	684.474579483752	759.989025867427	1053.72823068448	1907.69596773907	654.318823391078	33562.3815270931	11237.3874712506
Prevotella ruminicola et rel.	9463.61602762118	2178.11808179257	27592.7886570195	3622.69936838292	3400.03777506001	600.207300444727	1705.96773950242	659.031087024717	108886.845776154	35457.5230653552	7140.96830844998	62947.2178755991	515.993808105609	690.276065574746	625.252598523422	1028.93917395952	1740.79361137533	548.083708132714	62876.4321119327	8342.110003177
Prevotella tannerae et rel.	25673.29443223	28475.7111594312	28500.8659896347	7950.41931128191	7875.7864721523	913.472792094449	3460.25434493022	868.933212737755	189941.198744019	92796.1343961384	12916.8870050369	141401.340817926	806.607102855769	1238.66267282472	1032.43092650318	1371.81128735813	8630.7408849702	921.044532914319	86209.3902304181	48859.1463509243
Propionibacterium	623.936175500387	500.3502254381	1131.37389924478	841.52478118163	796.367364971918	549.549151666498	1317.35338378498	479.318808773372	1061.19214091327	1665.96435392743	673.938512536043	1583.7567243098	462.755907134592	456.666596283696	600.819904532446	1135.77051504131	981.715852087358	551.552326931914	532.25873280095	825.733658932438
Proteus et rel.	474.937030809081	471.340844301581	758.970099271514	546.91037154023	577.702191578484	550.463803893681	503.972358722272	431.603774502178	577.434475994063	527.3550180445	561.822575686334	431.493254183776	457.600241909648	773.931814757219	569.846108281708	973.565872119164	906.70837712197	471.110979589634	455.842867570096	539.998323400279
Pseudomonas	184.864943924774	204.572077111938	253.861925031392	201.961513799577	222.686826207513	269.965988635785	165.373902679819	153.757025245352	213.555086928228	220.427335239712	206.732266416801	153.992626036026	167.830194597286	159.151420885389	190.434278433367	8958.84178770713	315.953255583018	184.056400778398	174.775226125963	249.431270841294
Roseburia intestinalis et rel.	202405.861644876	9463.56320331038	51630.8229178334	21861.8789852978	83133.6275451211	6894.92164371687	135002.564944658	49005.9510629307	155514.906241168	120122.710914601	22657.832823214	103000.767462033	9397.66138796813	1332.56437639064	13585.5673655329	3174.41582139104	38501.8843130108	100587.673052636	28434.5295413717	240756.298618895
Ruminococcus bromii et rel.	11443.298909316	14629.4874175925	27284.0061970872	26373.6469371658	13556.2551563909	621.816777538628	4543.4278624185	121431.373091374	47959.0806856667	9698.11103637916	39414.8354727973	8231.05796037707	898.530766827732	436.477150001178	2754.03777071871	776.28109592684	9999.60239049613	22564.813214837	8021.74643358514	26996.6322239525
Ruminococcus callidus et rel.	85529.219299528	29552.8985786869	34881.4068697105	20680.7369680244	165191.832282222	4128.14347063753	58449.5340158056	11349.5979208311	13558.4291601522	155557.236188098	66983.4376314019	17322.1863372901	6070.16426469642	1728.58165484334	3590.75155662645	2615.32912767447	121186.318338521	3709.84618683732	5627.22717490821	42926.6365113784
Ruminococcus gnavus et rel.	123666.141730927	8442.56474170242	51529.6020516063	87745.8092287191	163218.076116305	61060.3420905711	123285.743878314	78217.4218907771	17738.1658377674	101398.995814902	112787.658657813	105344.463539376	51410.8131613204	5572.64193842607	18175.4609097035	1879.46214931402	36212.8742665068	93987.9992205288	39402.3488776611	78479.5604749948
Ruminococcus lactaris et rel.	36473.2018178181	5200.93240593152	29913.6633284842	23986.0586894169	16650.8360580235	6861.57910289067	57448.816063157	26327.5255019276	23531.8247087626	79161.5883297304	62129.8970435942	29367.8432597764	7671.58336190238	705.473854527525	1592.00114012936	1414.48543566048	17260.3107404208	20625.897406341	4048.17159506329	28709.3932304715
Ruminococcus obeum et rel.	229268.009744446	82654.7671502943	486689.876678591	1244107.67674126	646222.297183603	488129.267869186	423608.107294265	438393.853195768	128995.7383549	571271.238177729	288148.776847994	258580.031349376	322630.917152416	8442.85108465898	278914.625511017	10556.8256345839	249442.175507078	178572.41292167	63275.9780714234	263591.964472618
Serratia	14.3601801640583	31.6958182911364	24.0727369701203	17.9450662397693	18.3008899066165	51.7670271577177	17.1295451784627	10.6612355462592	13.957261839954	30.3610821011569	20.9804211591636	11.6496619115115	13.646952637858	20.262004592407	14.180406986017	4320.48728114817	21.4750842713791	16.1715697496336	14.400893809901	12.9217816359487
Sporobacter termitidis et rel.	78895.8187306423	155651.748437879	122527.52368951	17056.6803339519	21863.3515907068	3392.7295627702	50755.0123843144	7793.20772041861	47634.6672809747	24450.8884255166	20139.1613124617	24557.9136865041	9195.34778627686	2751.88087647394	5166.94979050628	4221.88004222813	56602.4959439584	34317.3664591706	6680.36141022659	133938.501418779
Staphylococcus	276.033551022455	253.262901916277	505.943689567848	336.115695933067	318.091326930884	335.049242140721	285.474206421417	260.149834594568	318.890601425211	339.550233403377	761.278665665905	250.087187548811	247.843820191311	252.082770781542	333.7450972571	5125.03301074028	595.602797520096	271.889379792557	263.64512336394	318.449136295878
Streptococcus bovis et rel.	37302.1768836272	5661.43462084662	55766.2403709613	56661.851876635	172028.999320567	140732.628217687	337622.446730427	177933.856506819	4407.05644029695	264961.598028261	37847.8781523856	22949.9694484281	22449.301458712	227113.554165433	238821.831052783	20269.4445425018	20776.8043700084	16570.2063510465	8717.05756124595	56114.2989515317
Streptococcus intermedius et rel.	4350.16359102872	1148.62964602531	5343.5625929756	9181.64680799149	32855.6583181702	22305.1825436791	43696.6173738493	15928.9885189897	1815.8793869807	22089.4690463729	3759.0184193326	3087.20205667531	2261.33047682305	23789.0608377674	25430.5122327754	6004.8400750901	3392.17862138879	1261.76029017092	2440.88882814	10255.0881079438
Streptococcus mitis et rel.	16791.3004510572	1651.26310886044	14661.6028100963	22831.3876145978	111386.819759714	76675.8716297502	157296.198424844	78867.7340115441	4433.08356995881	116004.802783459	18684.6674847378	9447.89354965082	5264.77226921691	79676.7984586088	96075.1191775945	17333.3590085962	6992.64121588764	1936.20988427794	6319.00147242995	24332.6764781756
Subdoligranulum variable at rel.	312112.977116382	16725.137861187	223668.610658726	374197.128864154	64218.842581481	2830.57876225505	462881.638855788	17563.3319256627	58380.5896931975	18951.0436096874	86432.1834519748	420971.624093133	45246.0380433232	2076.23371200379	93195.639119389	3502.61069478924	380987.005406215	120968.35419065	6208.05212562744	209853.011932057
Sutterella wadsworthia et rel.	7139.08625100116	5567.45143510391	6832.74433516958	3649.6222167717	4070.24985346971	2198.34000950202	3264.69795466434	2798.21938903966	24942.6313638899	13791.455153131	7861.78400571347	4649.57557400274	2210.75257800504	5019.13664692782	2238.45398902297	2348.31634088187	3846.82082583978	1966.07786852159	25288.1821813642	8563.98336793697
Tannerella et rel.	40381.3001283923	62402.7597052284	77734.9721088382	7056.82744632518	16523.3021277146	1963.59146373766	4042.11859956832	1857.09997621549	167929.642265432	51432.5142366859	11950.2201747263	65846.8458381972	1586.06673516477	1917.02019937783	2090.53802902132	2652.96303516267	6172.35813338322	1837.49202735064	58280.606588558	23283.3689616716
Uncultured Bacteroidetes	484.187651064787	1718.07431885095	19856.8060212851	201.31910325105	138.81625028462	79.6022723545872	101.343734726964	69.1056802168719	4559.77005712698	895.63235544851	845.18224523966	2000.90431933462	71.1890311793404	72.1163808505361	96.560381818988	97.5772718949389	687.067769515914	83.4133665631633	1259.25200397668	1552.62500502976
Uncultured Chroococcales	238.043433168928	230.025930642113	296.770006621969	240.185336402205	236.953325513438	217.450286756917	350.656666571906	179.093196787338	645.898622286468	206.260336657242	223.141296376062	184.323987868972	195.015853050957	179.715698673599	229.903533581774	284.237327075174	335.922974673258	201.584339584517	197.871617959881	269.956176217884
Uncultured Clostridiales I	54912.2810736309	433110.424120006	115613.188023243	4231.88253732955	5553.95200554687	4225.87948405868	43134.3640384033	3384.10063168589	15009.6047562683	3926.09274291321	4350.26384590008	3511.30127141401	3557.88955679509	3425.92448597009	4238.43393118015	7083.8894416839	133486.209106409	16677.3268226612	3638.34360855536	81898.1577887631
Uncultured Clostridiales II	77982.3969919511	227877.951240605	22701.1698720008	13580.4911031341	12566.4304356703	3777.7562210372	18204.5276708319	3416.58897233985	16996.316722679	9077.54988259431	5851.57776994054	6621.06306694959	5232.42385882841	3068.11032347303	4147.70973261447	6316.46783802396	64662.9481228787	25888.6365587826	5789.31706180532	178986.787399485
Uncultured Mollicutes	4023.58439696788	5404.43754089599	36465.6485724469	3572.78894651596	2658.42153749407	2317.9865463567	2672.2659458167	2229.89847795688	3189.20842622357	2365.20501172946	2765.43068547876	2134.47079448877	1973.16979989588	1889.2766192034	2349.79942888745	2836.35251689341	61348.4909722418	4158.99245029022	2027.69961107699	23844.3094210582
Uncultured Selenomonadaceae	12.3294903559988	12.6777493844653	18.3425633250223	14.3185057137059	24.1297478885727	14.4351827835866	1332.73173662074	11.8594918032065	91.5248604544544	29.5780794806376	15.7078280984421	11.8004489786428	12.7468005361355	12.1816157448314	13.719295605918	28.5739184344474	23.5606704574693	15.1268391305465	12.7848828737379	13.8671202856978
Veillonella	381.523894965409	236.452086823175	484.886246339833	263.364202685764	2585.49313627889	372.377483583298	232.518456524917	258.710999012789	633.953043801547	2031.39305628985	314.920512605982	610.744548118721	222.508934257441	41901.0374874428	4342.02908596972	1161.82783904277	514.90904134879	289.135039502721	1768.85780329695	461.231908075988
Vibrio	568.163439329429	604.003628125566	760.454497018992	627.79165731646	498.323576452039	646.777319845182	1001.68157978177	413.905878090778	561.113148467233	607.025861792356	552.907457663445	464.259297762418	487.299257778166	543.162030098611	490.974928470921	5244.03783942942	843.748003997012	496.533534979637	390.056840621702	723.013460794414
Weissella et rel.	459.635379187767	295.288367213641	499.92655126738	721.97513484487	469.152555310623	359.577743073476	512.884680472679	306.180685956421	446.094794335463	702.285100892691	751.120844386797	356.002952271294	424.279757172891	306.255628593647	428.29639328171	399.178211874521	579.238233461954	323.186829968393	301.875054125257	573.372186508029
Wissella et rel.	139.636981206806	57.177009945261	90.6159272908309	90.2716135071174	96.2410107952063	78.4552120041828	91.9095778203097	53.7275073461188	75.9229527629718	178.140721687649	126.588278904944	81.5356061347533	59.2510943335716	58.9209786625246	65.3182427028893	69.4104501714064	128.582962551556	63.8396056714146	60.9417793910609	177.728014989204
Xanthomonadaceae	1300.83539952677	1746.15948244188	473.764173295529	325.358617699632	419.674070502869	335.389715107122	438.682548958182	348.940563171319	750.483593282532	359.085591056539	316.817829920315	361.584864121859	250.890934374098	834.804608845371	338.192853494878	334.739383936942	441.471620999642	325.271075017547	241.606156537896	1335.1121028065
Yersinia et rel.	457.828278133302	408.573956949062	704.367251606739	505.837095578743	497.429545626306	601.160301838948	477.514493571364	408.251120957	531.937342213962	515.761030686618	653.881677445358	428.793872072683	402.610455584864	1903.83222472756	531.286934321396	1021.04025424057	778.508589193057	434.065706780038	419.670223754592	682.759474787313
